SURFGEN.GLOBAL Hd COEFFICIENTS FILE V:2.4.2
high order tester                                                                                                                                                                                                                                              
ORDER
    3
COEFFICIENTS
ORDER     0 BLOCK     1
  7.1960356339853912E-02
ORDER     0 BLOCK     4
  2.5260174169224403E-01
ORDER     0 BLOCK     5
  5.1260351666459492E-01
ORDER     0 BLOCK     6
  5.1339516612803493E-01
ORDER     1 BLOCK     1
 -3.9150561489588992E-01  2.7780703475487245E-01  6.5960822179849588E-01 -3.0425641547077048E-03 -3.2757503623045398E-01  2.0349500272542823E-01
  9.0968744611758037E-02 -6.1031139893557629E-01  1.2027201266983578E+00 -1.0051172680887661E+00 -7.4100755562806042E-01
ORDER     1 BLOCK     2
  1.1994999362587201E-02 -1.3763730458685172E-01
ORDER     1 BLOCK     3
  2.8707068864141277E-01 -1.1272063918028541E-01
ORDER     1 BLOCK     4
 -8.8108168828683109E-01 -1.3094701755950003E-01  1.0034341235458377E-01  5.6992602669387538E-01  4.2843247657617772E-01  2.7949105415406555E-01
 -4.4481283188793541E-01  4.0652326068197120E-01  1.4714807721420795E-01  1.5226049792125624E+00  8.8336904964230922E-01
ORDER     1 BLOCK     5
  3.7181211498859734E-01  1.1851021305551193E+00 -5.9261984947603474E-01  2.2839365466800016E-01  6.8565228369012532E-01 -3.3969448793215157E-01
  1.8724781429177020E-01  3.8089221289813069E-01 -4.9627453164098567E-01 -1.6937546365005289E+00 -3.2798705834817038E-01
ORDER     1 BLOCK     6
  4.3977097300638056E-02  8.5224047105525513E-01  1.7417205882284020E-01  1.8383965056211898E-01  4.1524951950496941E-01 -1.5360296957174482E-01
  1.7117873221424296E-01  3.4001470919349552E-01  1.0820504170373553E-01 -1.7967727543795817E+00 -5.8960436263298488E-01
ORDER     2 BLOCK     1
  8.4457112211399832E-01 -3.8624998960106355E-01 -9.3042216286442284E-03  1.5728394935001999E-02 -8.3504361438333752E-01  7.0369676285094218E-01
  3.8507474891157889E-01  5.7716691317937918E-01  6.8627001584706637E-01 -4.9609583730873846E-01  4.2742915890100441E-01  2.4606160671352043E-01
  4.6337515416772324E-01  8.2934521899280411E-01 -1.1727055827450764E-01 -5.5015051474942192E-02 -1.0858485694843166E-01 -7.8668478198560643E-04
  1.3916366509491684E-01 -1.2901454480394955E-01  1.3725138645789853E-01 -4.2329700952648708E-01 -5.3948346851040463E-01 -1.5641186529867759E-01
 -3.7164245158254322E-01  2.8842722830321321E-01  2.9115904983747337E-01 -8.4672175291685170E-01  1.9497152835071044E-01  7.2586898095712038E-01
  2.4726797069499001E-01 -5.7652287968844818E-01  1.9957591072834742E-02 -1.0621420542060784E+00  2.2968974956229696E-01  7.8924837542929915E-01
  3.1693611943704258E-01  7.3723261196311396E-02  6.3623461470364129E-01 -7.0219847852117945E-01  3.3579384141414076E-01 -6.4926351365843848E-01
 -9.6666630839168299E-01 -1.6357710310897000E-01  3.1901883414235482E-01  2.4991654138479935E-01  1.7303992478667534E+00 -8.8597311606540441E-02
  4.7091330703901713E-01  1.8131223773467653E+00  1.5624139184245598E+00 -2.0052263876023240E+00 -2.9360159485175297E-01 -1.3668186432056182E+00
  1.8387940268764209E+00  8.6603779548440485E-01 -1.0515039981682646E+00 -7.9226112435770424E-01 -1.1032701478405789E+00 -8.1543528895839212E-01
 -9.0246195185894329E-01 -9.7499937352899813E-01 -1.7917442391644003E-01 -4.1089404765522780E-01 -2.7743799286258941E-01  2.6147874127167396E+00
  6.0227117379256812E-01  1.6931982794535088E+00  4.9688816850755141E-01  5.7859303842180776E-01  5.0836554802873057E-01 -1.6190155819135477E+00
  1.0299574456634125E-01 -3.7681314253180070E-01 -4.2769192892321561E-01 -3.5991004376751212E-01 -8.7455081961922720E-01  5.0437608421222128E-02
 -6.5006662744202071E-01  6.5496357651573223E-01  5.4655368769372981E-01  7.6623199551273169E-01  6.0293610999389825E-02 -3.3016507793443856E-01
  3.0985801826024284E-01 -1.3743773134567450E+00  2.2229086938642575E+00  5.7484216124225727E+00  4.5841219743682382E+00  1.4014906897616699E+00
  6.5649218885283978E-01  5.7802855413202736E-02  2.0388205268198825E-01
ORDER     2 BLOCK     2
  1.3108395877900134E-01 -9.1627493570810667E-02 -2.3897021120682099E-01 -6.8813336087533941E-02 -4.8859419496777939E-02  7.0667201902838650E-02
  1.2582944529712431E-01  8.8396041448857238E-02  1.3239937999773946E-01  7.8525380656153082E-02 -1.4430108833397010E-01 -3.4303652439021698E-01
 -1.6281667231615862E-01  8.7831203416766990E-01  9.5480717258088366E-01  9.9365778101558888E-02  8.7488880473541045E-02 -1.6768312530920074E-01
 -2.2003464326186814E-01 -7.6406968494457897E-02 -2.5137403120883217E-01 -7.2362199676151456E-02 -1.3408630561498991E-01 -7.8522645135704894E-02
  5.3496870997634643E-02 -8.6105073653130984E-02  3.5956518781852659E-01 -1.5482934843341709E-01  2.4098311102122591E-01 -8.0494516081726930E-01
 -3.3113241360782997E-01  3.7080473180134321E-01  1.7582747525189171E-01 -2.0882045042967950E-01
ORDER     2 BLOCK     3
  1.1141152231962821E-01 -1.3904592532100343E-02  8.7138766863483944E-02  7.9594307321638039E-02 -4.4262778982125011E-03  2.7770118286209011E-01
  3.0976847235994009E-01  2.2371121925960580E-01  2.7886184997573410E-01 -4.2990071384096253E-02 -1.4998274593091820E-01 -8.4519229778998034E-02
  1.6026957626856556E-01  1.6943776841100888E-01  1.2716223751427311E-01  1.7981641642561397E-01 -3.0930350714325816E-01  5.0044604787622939E-02
  9.2496731513267830E-02 -1.7037904060946668E-01 -1.0379946398988882E-01 -6.2951905990519877E-02 -9.6783482247641370E-02  7.4620945783642079E-03
 -5.8284415818363376E-02 -1.7760397462073280E-02 -1.8409524820709126E-02 -4.6401353869523612E-02 -3.7149502858766670E-02  1.5396423266075873E-01
 -3.3133689357703888E-03  2.6852617790150973E-01  1.5394937844770423E-01 -1.6106792493271144E-01
ORDER     2 BLOCK     4
  9.6707230789824206E-01 -1.1637980280850491E+00 -1.2836232710466633E-01 -3.6857166119407245E-02  2.5494390403387669E-02 -2.9235836353803624E-01
  2.1078837898695850E-02  1.7847843042535783E-04 -4.1798695084290161E-01 -8.1348974258930951E-01  2.7990584331736876E-02  1.9452528225303592E-02
  1.1071943557787953E-01 -2.7957218905985532E-02  3.4647261716949079E-01  5.0318063352250442E-01 -9.7263527127166705E-01  1.7141610966721857E-01
 -1.8263851956408070E-01  2.7740832119080350E-01  3.9305113286818438E-01  5.6663115081782345E-01  7.1361170616082725E-01  1.2571292955631791E-01
  2.9205450611506051E-01 -2.7364347411077272E-01  6.1733272404745942E-01  8.7289708774154617E-01  2.8439302393558796E-01 -2.6156408115589153E-01
  4.4589623694336206E-01  3.7002302845662072E-01 -4.8320540848166432E-01  2.6628468474635192E-01 -4.8402472465704593E-01 -6.4098167675494833E-01
 -9.6590906096926066E-01  3.5170823302577953E-01 -6.0434416799866975E-01  3.5153469306486163E-01 -5.0320685496328144E-01  5.6104219849598125E-01
  8.8692420558490570E-01  1.9213577515702085E-01  2.6358799446246978E-01 -2.0250485045286484E-01 -1.0941603934339699E+00  7.6151703087628153E-01
  1.1389871258175543E+00  7.0897552070770435E-03 -5.6486351431186466E-01  9.6015187136942381E-01 -3.4995075258713398E-01 -1.3420624198430635E+00
  3.0147018410267075E+00  8.2301264354983428E-01  1.3442126800277967E+00  7.0387312295739746E-01  1.1894965877196944E+00  1.1556039424692734E+00
  1.1391314242153390E+00  1.6186432603783203E+00  6.0449681935161037E-01  8.9296965338041590E-01 -1.5063786324283022E+00 -9.8994761592182234E-01
  4.1792629981398467E-02 -3.1393836231769359E+00  2.4888066340413634E-01  3.5959569636412414E-01  1.3840962551343627E-01  2.1798959338032478E+00
 -9.6983865566689431E-01  6.4830852754707535E-01  3.1223571812540646E-01  1.0451720116354275E-01  1.1264312079382848E+00 -5.2784781813370407E-01
  1.1890302233155032E+00 -5.6529211957603753E-01 -1.6170401150233085E-01 -1.1877306415074029E-01 -2.5291679175950508E+00  2.8963745026158577E-01
 -1.0720960708433495E-01  2.5285043148641040E+00 -4.6669211143480913E+00  3.6310532433806948E+00  2.0867377259644386E+00  1.2185004283625296E+00
 -1.5565457308013200E-01 -7.5344835007924521E-02 -1.1474936990999771E+00
ORDER     2 BLOCK     5
  2.7253810260283090E-01  1.4228086889188971E+00  1.3995645122064302E+00  6.3185256632905473E-01 -2.1942035405347640E-01  7.8727558495288355E-02
 -2.1638047620979131E-01 -6.9803688726285551E-01 -7.7457222070328990E-01 -1.3459129462724889E-01 -8.6121342195367628E-02  8.8298136098571112E-01
 -6.2852252185358060E-01 -8.1933282025202336E-01  1.2736778697362969E-01 -1.2559503373921116E-01  1.3500300993957262E-01  6.8703008075691158E-02
  1.1403738672813666E+00  9.2551621156433894E-02 -1.8625723028263350E-02  7.1051342176455379E-01  3.4795890641050814E-01  3.7242685336563325E-01
  2.4852582395580333E-01 -1.3328835512710508E+00 -1.3278577406634429E+00  1.4428023371954712E+00 -1.5811613807097599E-02 -9.0005208740355302E-01
 -9.3634684699840254E-01  5.1637132951883880E-01  1.2404264525831947E-01 -1.7072493281019518E-01  2.9058080263815461E-01  3.4852057734567776E-01
  5.0364412741432163E-01 -6.2448021502016271E-01 -7.1637228827871202E-01  4.3382587973270170E-01  4.5116888287714346E-01  1.8080750717558039E-01
  4.9314702297888707E-01 -1.0310970509197170E-01 -7.7334338247093237E-01 -4.8126640639366058E-01 -1.5910856976200620E+00  9.4319743962477376E-01
 -5.4224448712260565E-01 -1.0087082496969120E+00 -9.4815661468415746E-01  8.0741627104933511E-01 -1.2558636234186096E-01  2.0145882324154374E+00
 -2.3021510533113103E+00 -2.2955145547496092E+00 -1.5884437980631403E+00 -1.6524879470011415E+00 -1.0555937294888120E+00 -1.4478348892846382E+00
 -1.2885640246212395E+00 -1.3127712221645460E+00 -7.6806183965412533E-01 -5.4791766779324469E-01  2.5617651002631949E+00 -5.2611229237901092E-01
 -7.7762907031979367E-01 -3.1900093980728008E+00  3.9407972912850935E-03 -1.7488440180037296E-03 -6.2143085822698874E-01 -1.9100006175289692E+00
  1.1782047148827175E+00 -1.9858112404461281E-01  1.5609694520798761E-01  4.8518267982692770E-01 -5.1829660792522059E-01  5.1493086853663694E-01
 -9.7786522050144664E-01  2.2180728704490812E-01 -2.8355554044349590E-01 -5.4160264861701590E-01 -9.0802176244681720E-01  5.6638487275440783E-02
  1.0747937392349287E+00 -3.6094583398954492E+00  6.0417611076359465E+00 -4.8349270800620620E-01 -5.5850164070152453E-01 -3.8293404304104417E-01
 -8.5471182042507754E-01  6.6860744389453808E-01  5.3265918128174028E-01
ORDER     2 BLOCK     6
  1.2933029045942914E+00  4.1174244219110151E-01  7.6804314323454492E-01  3.5347289796186510E-01 -7.5057052209218567E-01  7.2401890451927586E-01
  3.4637502227912398E-01 -1.7658704791157914E-01 -4.0934465651386642E-02 -6.5901292183674687E-01  3.1093105346368455E-01  4.2923479401212422E-01
 -7.6347900377785952E-03 -1.6438603732128426E-01 -6.0459234837534889E-02 -1.3324317965045457E-01  2.2559981137418395E-01  5.5637480051198625E-02
  6.6632920860875056E-01 -6.9920034084778065E-02  1.2389322873231991E-01  1.2315387566286913E-01  1.0005733914500936E-01  2.8599616806678607E-01
  8.1528068399929376E-02 -5.0863979281883587E-01 -1.0063871714690409E+00  6.9640848420554113E-01 -5.8163018343550442E-02 -1.6769289693461084E-01
 -1.9485224203015000E-01  8.3341074102246157E-02  1.4487428515105891E-01 -7.2120644763730313E-01  3.3362780509808115E-01  7.3616327841455254E-01
 -1.7957280841425155E-01  4.4042504746666827E-01 -4.3571209770387687E-01  2.2834719659761432E-01  5.7559471481784730E-01  2.9014204411322103E-01
  1.6811919553914159E-01  9.8939205557882479E-02 -1.0853265523221629E+00 -9.3773789934907825E-01  7.9679729495902618E-01 -2.0617372117491732E+00
  6.5183537813530013E-01  1.0857232938581192E+00  5.9032215382844944E-01 -2.4104239921229265E-01  3.3664492786500649E-01 -8.4204674606945296E-01
 -1.3600917443128386E+00 -1.1598490762237574E+00 -1.3949439148659448E+00 -1.7155019073692792E+00 -1.0476227240380638E+00 -2.1137140842466153E+00
 -1.6800582727661029E+00 -1.3549290461788968E+00 -9.8132997630652852E-01 -2.5131687008508868E-01  2.2393622578230943E+00  1.2192940432579173E+00
  5.6768490353080014E-01  1.3157497046177582E+00  7.2556618616825760E-02 -9.1968153144715944E-02 -4.5676912873914516E-01 -1.5024090150194731E+00
  1.4450250874146016E+00 -3.9822943088296547E-01 -1.8912640452705073E-01 -1.1199944874440114E-01 -1.1894728100909899E+00  3.4511044363373777E-01
 -1.2929759291941894E+00  5.4130664777823778E-01  4.8029282282916724E-01  4.9565073848168835E-02  1.7354666490930721E+00 -7.1577424030272596E-01
  1.0078029960154349E+00 -5.6771806198005352E+00  5.4419040859086234E+00  5.6990736296889706E+00  3.8695498669112443E+00  1.2707044013380742E+00
  1.3095196466681158E-01  5.1809908863350340E-01 -4.2703662347056348E-01
ORDER     3 BLOCK     1
 -1.3237819666880088E+00  1.1164487966042027E+00 -1.5238320465654911E-01 -6.6457545874526361E-02 -6.3767156731119028E-03 -1.4630296783694996E-01
  2.4832771175253371E-01 -6.0993251915856228E-01  8.6863019483770981E-02  3.7205017999173917E-01  2.7827944282651312E-01  1.5338711678907987E-01
 -7.2862926200782319E-01  6.0141418458006168E-01  3.7362240855204271E-01  2.5586348377740653E-01 -9.2809363205681161E-01  2.6516709043463715E-01
  5.9194965367080943E-01  1.0783160606927722E+00 -5.3035477314538104E-01  1.7449128991621915E-01 -7.7204527197473383E-01  2.3018584854291771E-01
 -1.4705283807264780E-01 -6.0216246769101034E-01  8.2417250845929668E-01  2.1129429606468686E-01  4.0408351331391357E-01 -9.1380148850186527E-01
  5.5790135751660486E-01  8.3159877454174014E-01  1.2683538837143049E+00  7.2003113911814765E-01 -1.1583229335213734E-01  1.8381475461534880E-01
  2.2742140964411493E-02  7.7362465438161734E-02  4.5600874337336433E-01 -8.2128210323523423E-02 -6.5120020175834056E-02  5.1268705759701227E-01
  6.7495582982046787E-01 -1.5381692709754841E-01  6.3711313690547544E-01 -1.4953203680049476E-01  6.4525306725571469E-02 -6.0858143456608260E-01
  7.3995758709257481E-02 -2.4545211711474328E-02 -1.8339489529999239E-02  1.3947218519056032E-01 -4.3598859847674164E-02  1.2132642179576849E-02
 -4.2022360444184709E-01  2.4968513584976412E-01  6.1882803759724814E-01  4.1669592525741050E-01  2.3890508768198268E-01 -4.3411018555390132E-02
 -7.0643680034457298E-02  7.9956956026526679E-02 -2.3546392243027439E-01  8.8190837906106628E-02 -2.5384600676923635E-01  1.1658959896795633E-01
 -2.3580613161153223E-02  1.3848137903402877E-01 -1.4295442460656488E-01 -1.9426925291052155E-01 -6.5745726409656757E-01 -3.9395639318541337E-01
 -1.9952364356498619E-02 -6.3714397233855413E-02  7.4504465292087277E-02 -1.1059353408176115E-01 -7.6863540003433553E-02 -1.6922483738441341E-01
 -2.7004072903288506E-01 -3.2460878101214501E-02  1.8069427944130684E-01 -1.6248965173661378E-01 -3.6147407316322727E-01 -5.9287590868431239E-01
 -1.7845084863088162E-01 -7.5220419856684662E-01 -1.4645493903822737E-01  9.6365955493484212E-01  1.6360667824650257E+00  1.8360983265330675E+00
 -7.3285247333021619E-01  1.3002090582221054E-01 -7.3008709063803978E-01 -1.3400631748417093E+00  3.4927190069696168E-01 -4.5885251332248517E-01
 -1.1250942515576068E+00 -7.5927200821570318E-01 -1.0958773964591688E+00  1.8200818174902206E-01  6.7815535309878550E-01 -3.2243440917179073E-01
  5.8951990704542039E-02 -5.7396042642491885E-01  1.3962824067028773E-01  4.9406138181854971E-02  8.3690517042547885E-01  1.2926730507328732E+00
  3.7239652460137446E-01  7.3669735325124186E-01  9.5078758861947332E-01  4.1945108600589076E-01 -7.9905524520491367E-01  1.9219406235437730E-01
  7.0963681760830677E-01  1.4162859769281830E-01  4.2605143827791092E-01 -1.3002260483422141E+00  9.6786217689413268E-01  9.5751764981086507E-01
  3.2788889675312558E+00 -1.2681458158986407E+00 -4.3332703516185560E-02 -8.7191735247772018E-01 -1.5130732211940372E+00 -5.1995417098890528E-01
 -6.8356901943352599E-01 -9.5394888147464330E-01 -6.9098029181301779E-01 -1.1987194232970551E+00  2.9522650743035661E-01  7.3097692560601757E-01
 -1.9533919452916391E+00  6.8804844560501233E-02 -4.0543932205079453E-01  2.6975480741146129E-01  1.9467051145956000E-02  9.3929222595128126E-01
  1.3446175474179569E+00  3.7325075337968078E-01  7.6016560580931691E-01 -1.3407297677552030E+00 -5.1498839532286650E-02 -1.7850214765103634E+00
  6.5832441777132955E-01  1.6133197607960432E+00  2.6056825428230662E-01  7.4577776055576750E-01  9.7324199877764972E-01 -1.8418061816628167E-01
 -3.6457120337460686E-01 -8.8795300202141117E-02  3.3170003774972506E-02  1.4321177994988937E-01 -2.2387709319871635E-02  8.6266768998532639E-01
 -1.0298956699092956E+00  1.0438109421725036E-01 -2.4955959813578144E+00  2.8606470812519874E-01 -1.2820981965293259E+00  3.7382658451252943E-01
  6.7468479524642433E-01  1.1654696736357948E+00  7.7964700074735979E-02 -9.3834978396470980E-01  3.0356401059578231E-01  1.3928433385521068E+00
 -3.3397557966991892E-01 -1.7962851473484073E-01  1.7423723608901585E+00 -1.9542114908134028E-01 -2.7019124481720247E-01 -2.2419495767076078E-01
  3.4739752237068872E-01 -1.0056386424219468E+00 -1.1674558344478168E+00 -4.6556086532404534E-01 -8.6548259891381729E-01  4.9958922433338909E-01
 -1.1657085769613159E-03  1.0398769605661812E-01 -2.1906703934238014E-01 -3.2605840731649649E-01  2.5887184252275756E-02 -7.6004920587369384E-01
  1.3510631950176899E+00  1.6661216864197905E+00 -6.8405413119191155E-02 -8.7919861182552794E-01  2.5343487006430532E-01  3.6342193667689843E-01
 -4.5162752970065101E-01 -8.6336158421614917E-01  5.0582060189329348E-01  1.0173855554007907E+00  4.1290846496594402E-01  1.4371018499113883E-01
 -1.2402210955890072E+00 -2.1410754212952951E-01 -4.6601512272362311E-01 -2.0930289606497579E+00 -1.3586271435515296E+00  1.5665706717831457E+01
  2.3071253853180727E+00  3.4539074851560031E-01  3.6557252300038245E-01 -5.5463553628264317E-01 -4.4353248548790569E-01  2.9944656180699503E+00
  5.2549485773263160E-01 -1.2799647492929207E+01 -1.7073285632553961E-02 -9.9370561785249292E-02  9.5809561302901125E-01  6.4078554750252543E+00
  1.9818569999534215E+00  5.4610910911011423E-01 -9.3631120211578853E+00  7.9663546598132906E-01  5.2518420786800080E-01  1.7770413084552195E+00
  7.1236686745365256E+00  5.7483519696739760E-01  3.7057341046685832E+00 -7.7621847721146597E-01 -2.8525375455601778E+00  1.5497234148860514E-01
 -2.8747653139568912E+00 -2.4155108089656059E+00 -2.9703469843796384E+00 -3.0024619443093048E-01  1.2418874451876003E+00  2.8565748792448096E+00
 -1.9299738989820046E+00 -2.6660016625554275E+00  8.0744592225168044E-01 -4.3819246252045279E+00 -2.8095626849991038E+00 -2.3189164721287661E+00
 -8.0296126661424267E+00 -1.4679829597612890E+00  2.7300264297903407E+00 -8.1026622273569471E-01  6.5792426177198546E+00  8.7998696021094247E+00
 -7.9455050008019446E-02  1.6485414348657510E+00  2.0530037913762991E+00  2.6645134931268188E+00  1.3079470944796259E+00 -3.7006146056662187E-01
 -9.3442867226713666E+00  9.0321799443889195E-01 -3.7744577922783090E-01 -2.4793821986974815E-01  2.9677701431940429E-01 -6.4306947575471229E-01
 -6.7994005006952085E-01 -1.9474843840221298E-01 -4.0546603209969989E-01  9.2236741860102844E-01 -8.1459381032395350E-01 -8.6810518151938776E-01
 -5.4693973771532911E-01  1.6505023257754021E+00 -8.6134805371752998E-01 -5.1342347686885859E-01 -1.0858092988570232E+00 -2.5227409746689755E-01
  5.9425372810364341E-01 -7.9974697385972238E-01 -1.1318362134732991E+00 -1.1852051746067456E+00 -7.0884939604555264E-01 -4.4478453721145900E-01
  1.3105289532754434E+00 -1.4179251367572365E+00 -6.1582024262564528E-01 -1.0191409413006314E+00 -8.9918135682662237E-01 -6.1416245624399024E-01
 -5.2424145380883636E-01  3.3341503685718138E-01 -2.7178866555444148E-01 -3.9569004846447386E-01 -3.9942948172606096E-01 -3.7980418458704930E-02
 -1.2655569197626751E-01 -4.2248181525734813E-02  5.0939443311810897E-02  4.0697502137525698E-01 -6.7898522731165911E-01 -2.9382088204876000E-01
 -3.4631448800911918E-01 -4.7181198891402615E-01 -2.1612144105411940E-01 -4.1751007617850505E-01 -3.1465778222103072E-02 -5.7955822513923339E-02
 -1.0071580681322267E+00 -6.4284950220783410E-01 -1.9227080346730980E+00 -3.7735728041748316E-02  1.4840698182844328E-01 -1.6197786551839774E-01
  6.0498318672667040E-01 -3.3229193501663694E-02  4.0384533163934871E-01 -8.0521390402976656E-01 -5.2916493444738615E+00  1.3485597936849576E+00
 -2.3038294405126744E-01  2.8681738095332641E+00  3.0515697408596179E+00  2.6109685234200724E+00  3.5403996840343468E+00  1.0099835839278126E+00
  1.5672019856141948E+00  4.1742012782303943E+00 -2.1461287418446409E+00 -9.7876898712102672E-02  1.1837959676945755E+00  3.3397559904505845E+00
 -2.1083812800171986E-01  1.2857033819447181E-01  5.5845243477889037E-02 -1.0684783517936616E+00  2.9342773805088801E-01 -7.3029369480157647E-01
  3.3705578552316107E-01 -5.5186963355934209E+00  4.4125081558160071E+00 -3.0434674336398975E+00  4.9076909651559468E+00  5.8953200757054605E+00
  1.7392892575760952E+00  1.7426552406492815E+00 -6.1421704644977404E-01 -1.1609240957750864E+00 -9.7546415590643032E-01 -1.3746371460266724E+00
 -6.3423502825624825E+00 -6.4293597769102711E+00  9.8157041576827915E+00  5.4124605699866313E-01  2.2320936205277846E+00  6.5609300209231902E-01
  8.1596285641581645E-01  5.1889740745740620E-01  5.5477178646884895E-01  2.6209233980981855E-01  1.9640482717319929E-01  3.8869416593870568E-02
 -3.7379811720450809E-02  8.0780082836860079E-01  1.2141322732140705E+00  4.5742181520685421E-01  8.5405078953276992E-01  3.0313673793869333E-01
  2.7575263370067447E+00  1.2856845582168690E+00  8.9169271661991445E-01  3.2846485609044812E-01 -3.1907932157262883E-02  9.4152007967377926E-01
  1.5017823795155851E+00  6.5185326882075800E-01  1.2573162164944935E+00  8.6146372756137990E-01 -4.0554224223394142E-01  1.2427046711675864E+00
 -1.3611894957565707E+00  7.7818104199516358E-01  1.3088127983318973E+00  4.2664046981315773E-01  3.7118737291138193E-01 -8.0809782748354164E-01
 -4.4566387407084063E-01  2.7116531111622338E-01  5.3009129833958690E-01 -7.1942094310949833E-01 -2.7092489326960700E-01  6.8747458771270184E-03
  2.8899544924619325E-03  5.2686588228043996E-01 -5.2742165262104235E-01 -1.1484694762668655E+00 -5.9801633621662387E-01 -4.8688419911363129E-01
 -2.9032310885233648E-01 -3.7934891974676671E-01 -2.3213974289237900E+00 -3.2473577880045185E-01 -1.0081569793025499E-01  1.2803921834130441E-01
  7.5372065670453639E-02 -4.0705903971597340E-01  2.9005292732894511E-01 -1.0842685803392725E-01 -1.8048833214770540E-01 -3.7396073079682823E-01
 -1.5593131594719295E-01  5.7071136010069586E-02  5.8925095182370615E-02  1.2938849055730464E-01 -1.3753671436148790E-01 -1.9330610548978504E+00
 -2.6342798528085443E-01 -2.3686676353670974E-01 -2.9422735991369742E-01  2.8224564094369198E-01 -8.2310407538302144E-01  1.9320191278277804E-01
 -2.2096286330406567E-01  7.7467543707650155E-01  3.5423801704172111E+00 -3.0051402138876924E+00 -5.8759966963492949E-01 -1.1096994842358201E+00
 -9.1972890532200358E-01  2.4863720378613707E+00 -2.5054206165032872E-01  2.4856107007439352E+00  1.0379818471719493E+00 -2.2782754808856396E+00
 -2.2489637104792943E+00  1.9919422190534435E+00 -4.7431812825709080E-01 -6.8372356441214222E-01  1.7125404046346717E+00 -7.0963528352579672E-02
  1.8122757445774413E+00  2.0128809899844760E-01  1.0726003392807150E-01  1.9746057211960382E+00 -1.0575644523687908E+00  1.5955459871765638E+00
 -9.1806457284321541E-01  4.3434461893262180E+00  3.9230478940555900E+00 -8.8188445563803453E-01  2.1486414800728753E+00 -2.0695490705915995E+00
 -6.1698601167976652E-01  5.7730620624994300E-01 -2.5331532257888920E+00 -3.4580247056234632E+00  3.0696136164410714E+00 -2.1051539159920387E+00
  5.6517252015678441E+00 -5.9918685371629810E-01  3.1326923627442964E+00  1.5085626771059399E+00 -3.1643234106885392E+00  1.2792821711080591E+00
 -3.8104809608461441E+00 -2.7503698006368129E+00 -1.0223110334589173E+01  1.7413069405942356E+00  1.8387935139243285E+00 -7.5921531693002031E-01
  4.4133996139821136E-01 -1.3587949620035966E+00 -2.5304446727516283E-01  2.0184293793651435E-02 -7.5963913018872398E-01  4.4153249852633880E-01
 -3.9147426230481153E-01  1.4964022330608134E-01 -1.1688832726599525E+00 -2.3779957445441777E+00  4.6663786361133786E-01 -1.1571152835002947E+00
 -5.7239987815672932E-01  1.8563688058390431E+00  1.0788346704681417E+00  2.9293841561781725E-01  2.8270356456878809E-01  7.6235629375972425E-01
 -2.7536841447333460E-01  4.0684581978475248E-01 -1.9478273444857519E-01 -1.5771202815710242E-01 -2.9082881861485024E-02 -2.8696355626767867E-01
  1.4840364914577159E-01 -8.7540466022900620E-01 -1.0386070514120842E+00 -4.6706835341493497E-01 -5.9315825091233787E-01  6.6413959195549288E-01
 -4.5878970510849193E+00 -4.4527080793353289E+00 -1.7460967080311023E+00 -1.7815196189566276E+00  6.6148184960044987E-01  5.0059481806541684E-01
  1.1553004210000868E+00  2.4143642135781733E+00  5.3249366026760772E+00  1.0102267900838564E-01  1.1754920617662874E+00  1.2610053398182199E+01
  1.3314679153763485E+01  1.1947840448242589E+01  1.6916985025627247E+00  7.2104947382299382E+00  4.4810336083330782E+00 -6.0245829314555091E-02
 -1.6646468540282584E+00 -4.8691700935141204E+00 -1.1337427113583256E+01 -1.2665853067141943E+00 -3.9516663609421321E+00 -2.1737836551382195E+01
 -1.2450892344019300E+01  1.6209836296948055E+01  6.9296603007896023E+00  5.2162570871916163E+00  5.6600095468334084E+00  6.0173655019519146E+00
  3.8373531191922079E+00  4.7747355406772556E+00  9.2878451807429641E-01  1.4298869861819070E+00  6.2636025454046242E+00  5.4124891737876233E+00
  2.6365885607732764E+00 -1.6156975351039211E+00  1.9118796062292440E+00  1.8807161179606589E+00  5.5886288709509691E+00 -1.0625898969402950E+01
  1.0229162843656310E+01  4.9946195932099453E+00  6.2395545582183987E+00  5.9181865023496236E+00  2.2477146591683654E+00  4.1879569194085899E+00
  5.1623650657453561E+00  4.8670288654952953E+00  2.6627900069471161E-01  1.1277829914803128E+00  1.4442190905175130E+00 -1.5641198887312974E-01
  2.9429909561058403E+00  2.7277404603385025E-01  2.9479800387665001E-01  5.1402875414010030E-01 -3.9553168079334200E-01  2.5496910259934573E+00
  1.5483764887376639E-01  1.4042943759804711E+00 -4.2839613410331923E-01 -1.0230036996064358E-01  4.7090748145525732E+00  1.6047542661557659E+00
  1.0117027782499513E+00  6.0745690885362558E-01  5.8114555812481938E-01 -4.5133808276282400E-01  1.8449208606554299E-01 -9.0770815109780578E-01
  4.1097014546694242E+00  4.6520713021944388E-01 -3.1752792756226465E-02  2.1088893704644804E+00 -2.1091435458013188E+00  1.0288098891349053E+00
 -1.0147196167497330E+00 -1.0789393058316252E+00  2.2194274820643947E+00  4.4309386359714358E+00 -2.9312270557943640E+00 -6.2208484687198617E-01
 -1.6741094056452463E-01 -5.5129946527278317E+00  4.6860186126237782E+00 -4.4889601740172602E-01  5.9647511066364800E-01 -1.4232632356247019E-01
  6.5257177562737489E-01 -9.5181191556280034E-02 -3.9684261068072248E-02 -1.1116482937437976E-01 -4.6695199431977691E-01  1.2120698122811824E-01
 -7.8671357492787808E-01  2.0325488407370762E-01  1.1586939850509870E+00 -1.7235222707071980E+00 -3.7636280425411872E-01 -2.8801315855699516E-01
 -1.9543433698441137E+00  1.8505322704820706E+00 -1.5944295769337518E+00  7.9169797411041021E-01  4.4906909690053171E-01 -5.6669168668369407E-02
 -2.2090214958316198E-01 -2.6883213849242260E-01 -3.2578632360252913E-01  3.7200944940151121E-01 -1.5092533580223413E+00  2.6987922334489045E-01
 -1.2736622506446929E-01
ORDER     3 BLOCK     2
  1.0701489816282142E-01  7.2752893548333863E-01 -4.5113745350655717E-02  5.1010680109569084E-01 -7.9990787735014321E-02 -2.3858825470800551E-01
 -1.3561549622282212E-03 -1.7030705638835150E-01 -5.7111323733047108E-03 -6.8846812998938078E-02  1.9464594135121266E-01  1.6747580096196241E-01
 -2.4103841029735584E-01 -9.2321081375160027E-02 -4.5920851072064006E-02 -2.7574066464334668E-01 -6.3130713293186230E-02 -2.7599063516760036E-01
  6.9288793750994608E-03 -1.5408489081513602E-01  6.4759781903702685E-02 -2.2273399029436142E-01 -1.0676206961990395E-01 -7.5457778528726593E-02
 -1.1141058815523780E-01  4.6750702875163523E-02  2.3299953226328834E-01  9.5566839926916752E-02 -1.4553752682310125E-01  2.1284712353734934E-02
 -2.3828406211351436E-01  6.2374315688370194E-02 -7.3648266499945159E-02  1.0474085909849602E-01  2.4725513498447232E-01  3.0749646194432972E-02
 -1.7160825250358724E-01 -1.6281923750790783E-01  3.7899025832863920E-02 -3.2007620484750171E-02  8.5329275952348377E-02  2.6993066842504387E-01
  1.4920302721916290E-01  2.3510346588761322E-01  4.6367539343816981E-02  5.9135257618240844E-01  7.3894246982088019E-01  6.1545151590959846E-01
  2.2858101909428153E-02  8.7098334231405866E-02 -3.2821183028562106E-01 -2.8289250686428125E-01 -2.2130608141252109E-01 -2.0902609105328282E-01
  1.8548152601687362E-01 -2.5602581501452998E-01  4.2303284693538584E-01  4.8041897734095113E-01 -2.9378993176564616E-01 -2.5749212657388632E-01
 -4.1809733985716291E-01 -4.7606903974917636E-01 -1.8204256565204663E-01 -2.2862375948146541E-01 -3.0979191023106289E-01  6.4770830588136707E-01
 -3.7710208301186943E-01 -1.5022502728672968E+00 -1.5283091605705890E+00 -4.9376220201531118E-01 -5.5526043691643312E-01  4.3355832964186641E-01
  4.2240301507460221E-01  4.7518567211859480E-01  5.1250888649069670E-01  5.8466682470213936E-02  2.3490246209177319E+00 -7.0797692712458971E-01
  1.5842283374793706E-01 -2.3229484911595871E-01 -1.1034925814220832E-02 -1.2516171147297703E-01 -1.6906331455383122E-01 -5.9889976199941256E-02
 -1.7374761142686870E-01 -2.4255093847680521E-02 -8.8841935164104463E-02 -3.1440403941901601E-01 -4.3243215033310911E-01  5.4957503062717017E-01
 -5.3734980542824839E-01 -2.5757044341400377E+00  2.0451664594333999E-01  1.9594646241496538E-02  8.7272296258873971E-01  9.3007669326903375E-01
  1.0564849298572936E+00  1.1461857202387471E+00  4.8028307586272723E-01  5.2268237775149751E-01 -3.4113361085894565E+00 -3.8899591970442029E+00
  6.5454531903363318E+00  3.5309650682307203E-01  3.9109913367382364E-02 -2.3639621143009020E+00  1.7579234401469113E-01  2.2946187019754558E-01
  9.8159255669485546E-01  9.7457319013089549E-01  1.1712697585118610E+00  1.1361102083728629E+00  5.2330206244493038E-01  5.0433716616517632E-01
 -3.3313826530063015E+00 -3.8051006010700417E+00  6.5992863075467021E+00  3.4532480518092051E-01  9.9297995267788028E-02  6.5281262953088642E-02
 -8.7898771949714982E-01  4.0324134868871236E-01  2.5327427258139418E-01  1.4819994927972721E-01  3.0555644707889656E-01 -6.5709164815557233E-02
 -9.2754784301360364E-03 -1.1985457338837803E-01 -1.4478459050337508E-01 -7.0216852759781445E-01 -9.0784666007532844E-01  1.9992134374294619E+00
  1.3318726569272588E-01 -7.5932809269139678E-01 -7.9894982837140593E-01  1.3699606745103593E-01 -6.1690395632895335E-02  2.7851293334539551E-01
  3.4172681394841714E-01  3.2649602051714444E-01  8.1647331896542094E-02 -4.6794651029642476E-02 -4.1072735453147026E-02 -1.8086947501437192E-01
 -7.3327723282333307E-02  3.9985660338938162E-02 -7.6204762037015983E-01  5.6038092166509723E-01 -3.1788235641357659E-02 -7.7217834457612511E-01
 -7.7218456014785708E-01 -1.5029263153960404E-01  1.9811207857052224E-01 -1.3950376032615203E-01  3.9613272750377060E-01  2.6164668021009191E-01
 -5.6106606712572837E-01 -1.6780668729009848E-01 -4.7252701180584933E-01  2.1189072799106209E-01  2.2959827844713978E-02 -2.2083241098650472E-01
 -1.5704344179363844E-01 -1.8475495869151835E-02 -1.4838627709267391E-01 -2.8305927076227339E-01 -4.6568162343662611E-01 -1.5714401888500557E-01
 -1.9611529937296970E-01 -3.4230444803853566E-02 -6.7543175729217787E-03 -1.6503611390255984E-01 -2.9876171050314659E-01 -3.2175656386779983E-01
  8.8194669476854823E-02 -7.6004230581611182E-02  1.4127104624109860E-01 -3.3410559805564088E-01 -7.8659586307107440E-02 -2.6142606481401875E-01
  5.3224667811625208E-02  2.7791202406425540E-02 -2.3074085149000574E-03  1.4883510859213273E-01 -4.0386002232637858E-02 -1.7146586141739867E-01
 -7.9782655844752776E-02  1.9871246525638167E-01  7.1314193441279622E-02  1.7501892847800327E-01  5.8242016642516908E-02  1.4249137700523798E-01
 -9.1360616110809451E-02 -2.3650466186057546E-02 -1.7648601624878252E-01  1.9747039062638347E-02 -7.8002783895944616E-02 -8.1389527387352306E-02
  2.7960922577215139E-02 -4.8948045130367032E-02  1.1322177804420102E+00  2.5042117438723482E-01 -1.3937071771041371E-01  1.5010944087259584E-01
  5.2236826581030515E-01  3.4297622883853723E-01  5.6098741572077471E-01  2.4481843707383760E-01  1.9438643464508501E-01  4.0234370244453715E-01
 -5.7519980045657804E-01  2.4878881371362746E-01 -7.9195616952124481E-01 -2.1445272156284165E-01 -1.1003921300077583E-01 -4.1576220938465469E-01
  2.9179769117338028E-01 -1.7333554120735090E-01  2.0039456690876870E-01 -4.0074539268991023E-02 -7.4845666359450158E-01  7.1188936778319417E-02
  4.2229815185584268E-01  9.8156552737855052E-01  3.7309775678701340E-01  8.8222336773857504E-02 -1.0589373470557663E-01 -6.1045697647928596E-02
 -1.1543459443639172E-01 -1.3662679135248390E-01 -3.9750669120421647E-02 -4.9266854288206485E-01  1.0180274206646052E+00  1.0134030882229126E+00
  4.3535244207121720E-01 -1.6689572375826374E+00 -5.7183442275799812E-01 -1.0310176708682015E+00 -1.3169661414163349E+00 -1.6843317066968064E-01
 -8.0923504822741354E-01  2.7144399165685357E-01  2.3634154880539371E+00  2.7223983003535412E+00 -4.9560610517774411E+00 -7.0016796830534966E-01
  3.3419885428864798E-01  7.6872315254453524E-02 -1.3131565006297066E-01 -2.7867961124617724E-01 -4.0646499541535142E-01 -5.0263351430404291E-01
 -3.4783425337057905E-01 -2.7008482104552001E-01 -1.1740448879479820E-01  6.6889365861508554E-01  7.0844398652228513E-01 -1.3650116711981020E+00
 -2.6497091080906637E-01 -3.1574778517768007E-03  2.0954935318944763E+00  7.6477567779552036E-01  4.5908544606585039E-01  4.1250254134255598E-01
  3.0546600026846599E-01  5.4284841351572188E-02  2.6083924458776991E-01 -9.3507713125686009E-02  8.7254144067555411E-02  1.3486457434729744E+00
  1.3384050193164909E+00 -8.4801921544195558E-01 -4.5782375988421831E-01  1.6666621716052707E-01  1.6795663653095153E-01  4.5771951691175233E-01
  3.6134992677184496E-01 -1.0067545199759527E+00  2.3835655458832994E-01 -2.4163339842179672E-03  4.4946670514834919E-02  7.6439788382140372E-01
 -6.4767626799948602E-02  6.0412478382434742E-01  2.8813329401512659E-02 -6.9584447041744590E-01 -9.8341161040643199E-01  6.7735018400251645E-01
  2.7264803821564870E-01  7.4154244509403305E-02  2.2827139510135380E-01  6.8165056744898278E-01 -1.1224429776945988E+00  1.2487287694432232E+00
 -4.0052142769015536E-01 -5.1009173658456752E-02  3.7204836290433085E-01 -9.9117383845984808E-01  4.2044564380153654E-01 -7.1827677805246493E-01
  1.1460336914104532E+00  9.8572361350906867E-01 -2.3879304441685871E+00  1.3278132391596911E+00  3.3771675730137063E-02 -3.0176093147891374E-02
 -6.0416356850941799E-01  5.6509665585374746E-01  1.6795605270365566E-01 -2.6783440508486356E-01  1.0384070538957024E-01 -2.7127444629093911E-01
  3.0844548431990582E-01  9.1264781292199296E-02 -9.9827632972004976E-02 -3.5882317227390034E-02
ORDER     3 BLOCK     3
 -1.5969400166464912E-01  3.8206367780918926E-01 -3.6259131864361194E-01 -4.9967411825937273E-02 -6.8494318965994672E-01  2.9482035512727874E-02
  4.5264734909366827E-01  2.6616000073803880E-01  5.1132549363453750E-01 -2.1487445169599484E-01  8.2555667668167285E-02  3.8956147381573575E-01
  7.6649406568163637E-03 -1.3937325766968436E-01 -2.0536488094229646E-01 -3.2857323780904940E-01  1.4190666429320509E-01  3.3444534740889836E-01
 -2.3305446915366557E-01 -3.3602822560901491E-01  1.4026756349242198E-01  1.3558221199703591E-01  2.7373028567524577E-01  5.0820573638434771E-02
 -2.0394229989461032E-01 -1.2350200626220896E-01  1.9957837274591320E-01  1.8991131680511381E-01 -4.3739776219181914E-01  8.3641989115140550E-02
  3.1054135440696067E-02  1.2244315514917074E-01 -1.6169738133751585E-01  3.1906973482857848E-01  3.0112459638650424E-01  7.1963989391893315E-02
  6.1807265058369094E-02  2.5994329954519182E-02  9.3300466421277845E-02 -6.1494089488669169E-02  1.6942663294150054E-01  3.5096471370330135E-01
  3.6548699005241969E-01  3.2957293974133212E-01  9.2119628856531244E-02 -7.9707167517124852E-02  5.9043480113822523E-02  1.0958867230367642E-01
 -2.0165370313268649E-01 -2.1065234201791783E-01 -2.2856568000529776E-01 -1.9347336861909400E-01 -4.7628640371285981E-02 -1.5753630489858436E-02
 -6.8491385606479521E-02  2.0127051663792761E-01  4.2203240904267814E-01  5.6547573813480878E-01 -3.0707526065797447E-01 -3.9083206335396958E-01
 -5.4647340288318969E-01 -5.3803342582126878E-01 -2.5567468199532373E-01 -2.1773630146122377E-01 -3.5583992799644026E-01  4.4993349358898177E-01
 -2.9624987270506187E-01 -4.5399052879394458E-01 -3.1248799766236679E-01 -2.8775935169841876E-01 -4.9725552841497861E-01  1.0470221876744237E-01
  1.3854012125549947E-01  1.9389870745694721E-01  2.9256898834188838E-01  5.8784840145322675E-02  1.1952205225086392E+00 -5.8227475638609572E-01
 -5.1342723459205722E-02  2.8053818248087482E-02 -2.3595416304920869E-01  1.1940306780267040E-01  4.1326869207247935E-01  8.1513887154583825E-02
  2.0158123787767288E-01  9.7426750464584974E-02  4.1549807315269409E-02 -1.4838420500368527E-01 -5.1571105206160106E-01  4.8067828500929793E-01
 -2.6834850787459963E-01 -5.5692841824831718E-01 -1.2677384364597744E-01 -2.1705138670652706E-02  2.6669855632988093E-01  2.3000605997635687E-01
  2.2569555564115973E-01  2.1392514742415697E-01  8.8258144661041968E-02  8.2232333722162904E-02 -9.0659008280694664E-01 -7.5942784789341267E-01
  1.5598250247493537E+00 -6.3424943868074903E-03 -1.8999029504168128E-02 -6.9625535554978701E-01 -1.4167973450279675E-01 -1.0545712030191745E-01
  2.3039744181788502E-01  1.8015223870134534E-01  1.8535191769245560E-01  1.9930095064925579E-01  6.4264781312090832E-02  9.3410276002029211E-02
 -9.4385002010102315E-01 -7.9990619485427306E-01  1.5184930755598256E+00  8.0146097924378764E-03 -5.1557653345101428E-02 -3.3926623345283444E-02
  1.2390047910272259E-01  3.7752987236426555E-01  2.5417360841332171E-01  1.4302942211366024E-01  3.9930144952832047E-01 -3.1619919902437642E-02
  1.3514694718460618E-01 -1.9685906436221187E-02 -9.2448901174680242E-02  7.0654036500088363E-03  3.1971263893619517E-01  1.1257445858270656E+00
 -2.8475985017565812E-02 -4.5196890250646174E-02 -4.8211537461129446E-02  1.7590833317701721E-01 -7.4788189999679711E-01  4.8678561769556596E-03
 -8.8903681095716447E-02 -1.6962777956068261E-02 -1.4713436598607638E-01 -3.5675925137119441E-01 -4.4934734774526480E-01 -3.3004660994810808E-01
 -2.5818473817436882E-01 -3.3490934432762587E-01 -1.6019573754328986E-01  4.8312393304684176E-01 -2.1684526430977974E-01 -1.4721789194937415E-01
 -1.2725856146425513E-01 -9.0146316791683473E-02  3.3733938502825850E-01 -4.7833927209263535E-02  1.4171944312616053E-01 -3.6396078183794256E-01
  9.7969170521941054E-03  4.0930066552221017E-01  2.8086122937852401E-02  3.0452666670298767E-01 -6.0463526093720008E-02  1.1060962644230819E-02
 -2.4712243447994608E-01 -9.0912958927694409E-02  4.7152150117340488E-02 -3.4482723044885744E-01 -3.0031540889029057E-01 -3.0483662147509860E-01
 -7.5396191657023048E-02 -7.6766362069716028E-03  2.8942346093124599E-01 -1.1335931244186785E-01 -2.5971747510852849E-01  1.1717060887691845E-01
  1.8784448909228582E-01 -2.2491189096699709E-02  2.4558601115321962E-01  1.4036273892045099E-02 -1.0639929372220328E-01 -2.4665111824634781E-02
  1.8311600996541780E-01  6.7044167061478893E-02  5.9657860131220125E-02  1.8238093546859094E-01 -2.9150654425030044E-02 -2.1116156125237662E-01
 -1.2516969096880579E-02  1.4231717313556558E-01 -8.8737321617587295E-02  5.5991379993263743E-02 -2.0367989324661429E-02  2.5854353080504772E-01
  1.5017361375500257E-01  2.2476364821433707E-03 -3.2949911637973818E-02  7.5362438813202218E-02 -9.5083040097776045E-02 -2.5144755640935053E-02
 -5.2983117350516251E-02 -2.6838720212647701E-02  1.0248496582146951E-01 -1.7708241365573235E-01  1.5865167040650421E-01 -1.3031491736774289E-01
  3.3560597518910509E-02  5.5259895825378373E-02  1.0225058728951686E-01  1.4881337364046421E-01 -6.0948869661596683E-02  1.2850849104026434E-02
  4.3297121234688422E-03 -3.5403882215538157E-01 -3.0925029000342642E-02 -1.0982863093062933E-01  4.2775077027015350E-02  2.3817982071163574E-01
  1.9567274082274287E-02  2.0023499650532423E-01 -5.1487073511529820E-02  1.7893424402621441E-02 -1.7780058431895815E-01  1.6775236623590065E-01
  1.1204050535117423E-01 -1.3388015321774133E-01  1.3850719667548142E-01  3.4866526731077846E-02  2.0299619939716210E-01 -2.2141529768645912E-01
 -7.3616934026814185E-02 -5.6766875373236880E-02 -8.2768623434158153E-02 -3.8316808481731135E-01  1.3468666379661273E-01  1.6793834757892943E-02
  2.5953286113532265E-01  3.3608399656274351E-02  2.9862038506392569E-01  7.0489625914858189E-02  1.3230814106147648E-01  1.7523458235110195E-01
 -7.3015897018024162E-02  1.2578757094830997E-01 -9.1292934044431118E-02 -1.1493169511385092E-03  4.2888689716654893E-01 -9.1264499157206136E-02
  2.9996970059015576E-01  1.9605586431126865E-01  1.8700026125194003E-02 -5.1199290782530729E-02 -8.2312203831082772E-02 -5.8456534496163323E-02
  3.9633999581742477E-03 -3.7798229575273588E-02  3.2271094624904538E-02  2.3489378923523752E-01  1.4373009136715512E-01 -3.7002222085673953E-01
  4.3946258581641619E-02  3.2374310561945216E-02  9.8212782390644238E-01  4.7141458466098213E-01  2.9655003435153293E-01  2.3431298515677931E-01
  1.9829496664386342E-01  1.4892756004277877E-01  2.1567326197472864E-01  1.7571935096233143E-02  8.9298185732858942E-02  4.9573560873593314E-01
  4.2911508017637212E-01 -1.1626931770277162E-01 -8.6311459258907666E-03  1.4102759654203104E-01  1.0836850546522797E-01  2.2707419787139077E-01
  5.3620864705097548E-01 -2.4690077982130898E-01  1.5163348792030593E-01  7.9019017141645324E-03 -5.5463413968372316E-02  3.3512021584140411E-01
 -1.1615064791216637E-01  2.7231212296777679E-01  2.6018921411255433E-02 -4.3370845417913062E-01 -3.5302026098339945E-01  1.3415699473785098E-01
  6.9015583406139280E-02 -6.1221420218342051E-03  1.6856668134030889E-02  1.8280377641093781E-01 -4.2301952697834259E-02 -4.7275667906110730E-01
 -2.6341528367336842E-01 -2.0416424187442786E-02 -2.3823418113815145E-01  2.6974705290919550E-02 -4.8802364206691616E-02  1.0848491935730405E-02
  8.7405756942518553E-01  8.7467572482390366E-01 -1.4898737948565079E+00 -2.4572729647023522E-01 -1.4456672517944319E-01 -2.0169730848086734E-01
  1.1710183972875340E-01  3.9146053586633434E-01  5.3473200681285846E-02 -1.4277518928114796E-01  8.9973974856323718E-02 -3.4725216458184119E-02
  6.5958554125298191E-02  1.8490120168890428E-03 -3.1393887690801779E-02  3.5506749596367626E-03
ORDER     3 BLOCK     4
 -1.4666236045349770E+00  1.2742254563706890E+00 -1.0425486711536507E+00  3.7270413856797108E-02 -2.5113832716851298E-01 -1.0676682892475682E-01
 -4.2824217931267999E-01 -1.7590299868943160E-01 -3.1832808676858132E-01 -3.0030531550198641E-01 -5.2852162670816577E-03  1.0763975504585847E-01
  5.7079354250922987E-01 -7.3182737503232308E-03 -1.2354833509180131E-01  8.1184585847177346E-02 -4.3635705226695874E-02 -6.0425938297686943E-02
 -5.4476360283371517E-01  1.8027265611076924E+00 -2.2624573703863271E-01 -1.4547584726411880E-01 -8.1986996428120185E-01  1.9854453683647019E-02
  1.5814969157027231E-01 -3.2828490364845886E-01 -3.1616241812207443E-02 -2.8941465445999147E-02 -1.7922966276123048E-01 -3.9338857116839335E-02
 -2.3974580443110305E-01 -4.1387304287786858E-01 -1.1146788239487324E+00 -9.3878801944476051E-02 -4.4759124909959275E-01  6.3913760721278981E-02
  1.0071016410894255E-01 -6.6778793252454005E-02 -3.7727916886307777E-02  1.3102083662562372E-01 -4.2439518504829826E-01 -2.5967941662184704E-02
 -1.0684946809868673E-03  4.0506547055264458E-01  1.2807402453249299E+00 -2.4470970562564287E-01  3.9701594042177504E-03 -1.2103401756835517E+00
  6.2136645152252087E-03 -1.8698212899310604E-01 -4.2843646092053128E-01  3.3327823982266101E-02  1.3592467415695378E-01 -8.7690888590653437E-02
  9.3232798407897916E-02 -8.2438335679376109E-03 -3.8856552540590888E-01 -8.8914225691498691E-02  3.0357809309449590E-01 -7.8141082970351927E-01
  2.0867125600510320E-01 -2.2967681757998515E-02  3.1545333750908444E-01  5.8983317715666972E-01  3.7820681014000651E-01 -4.7593932956145313E-01
  2.1448801348156823E-01  1.2429849669072114E-01  3.0253012071553065E-01  7.3581716667939634E-01  8.3481083023269320E-01  4.1969769708269400E-01
 -4.4567309503075786E-01  8.5292240267732591E-02 -1.5749920962882269E-01  1.8304847565437926E-01  2.3228842848795378E-01  1.8388140112068635E-01
  2.7914793938088733E-01  2.6095548731882956E-03 -3.9696317569578959E-01  2.1491609727814659E-01  3.5092725024881660E-01  4.1508544336728254E-01
  1.0306222298217410E-01  5.8853447283788973E-01  1.0440500836594497E+00  1.5481967932533458E-01 -1.0543853706562728E-01 -1.6606292199988359E+00
  9.9351379415387975E-01  5.6136762199332413E-01  5.6845197366206812E-01  5.3066907128353336E-01 -5.5490490375221402E-01  6.4581225316724133E-01
  1.1399536532013821E+00  4.9836525713355190E-01  7.8296391409144717E-01  5.4480044500923724E-02 -1.6090655648095059E-01 -9.0486025978261511E-02
  8.5277466417595843E-02  3.9764650635441184E-01  2.4565461254636805E-02  3.3705620461728142E-01 -2.2965421481157230E-01 -5.1052388442639807E-01
 -1.8973381917534235E-01 -4.1982349414004216E-01  2.8370228398237129E-01  1.0118091522216299E+00  1.0397627605954842E+00  3.6489413181190494E-01
 -2.4535886481475666E-01  4.0690065486810684E-01 -7.9779627436267320E-01  2.6987357977478771E-01 -4.8142394413339656E-01  2.6637167362539999E-01
 -4.2922336982656450E-01  9.9998078972669519E-02 -2.9949147690693811E-01  6.2104057804105817E-01  3.7681971494379307E-01  1.0791116997567962E+00
  1.4211165983360408E-02 -5.6024848612076583E-01  1.7763308157913568E-01  4.4661038656103974E-01 -3.2611877430053315E-01 -2.4886939293630655E-01
  7.5220773504543958E-01 -1.4527405991654213E-01 -5.7684904825597794E-01 -3.2066692389024798E-01  1.4616535180532300E-01 -6.6881378839456440E-01
 -5.0604823626929696E-01 -2.7091511033555238E-01 -3.7700293464520412E-01  2.7872706886046739E-01 -9.8046744068877023E-01  2.9158473606751006E-01
 -1.1737457203429817E+00 -1.3513724394912943E+00 -7.5261011943283296E-01  4.6109145485099284E-01 -6.8332371467774683E-02  9.9131542585533905E-01
  7.7508130359646821E-01  1.0827620308583019E-01  1.4657291831858887E-01  3.7358257712317605E-01 -1.8713450861252251E-01 -1.1142310827399748E-02
  9.4242243448553298E-01 -1.5182025275884428E+00  2.6540184586977493E+00 -6.5304904971051292E-01  3.6006309087204241E-01 -4.1115428231016921E-01
 -1.2161402284420080E+00 -1.2157726500307258E+00 -2.7090280188907845E-01  1.7899400707045265E+00 -4.6010924711162193E-01 -1.0066211977412551E+00
  3.4125590031932551E-01 -2.2051581659481978E-01 -2.1038594858147905E+00  1.6880084472636275E-01  1.1585264981678471E+00  2.3453388062924799E-01
  2.4500426416484120E-01  1.0301133595148393E+00  5.5260926294610235E-01  4.0850469806723505E-01  3.4269304403187367E-01  6.5308128914220179E-02
  3.3560645642783055E-01 -1.1150333636169234E-01  2.2134643618694230E-01  3.1847755587691612E-01 -1.1872008797869232E-02 -2.0558154725615542E-02
  1.9248237529302799E+00 -1.1916524503400205E+00 -4.0790286266571857E-01  4.0411532457094340E-01  5.6262560111177240E-01 -3.4566816842834680E-01
  1.5789521716187229E+00  1.5339322831104836E+00 -1.1336870844327942E+00 -1.2206409858906655E+00 -2.8428700800843065E-01 -9.3790776272557511E-02
  9.4092910568767132E-02  3.1203479013968510E-01 -3.1386963013548000E-02 -5.4454768012400748E-02  6.1169021863538720E-01  3.1210993016835422E+00
 -2.3749507509325123E+00  9.9813319083871865E-01  1.6887779517658432E+00  1.1542578641471801E+00  1.5144052002742348E+00 -1.5387964589142435E+00
  6.9334882769740114E-01 -1.3103821453497311E+00  1.1072740684434963E+00  7.6220530748590087E-01 -1.7669753901088908E-01  6.1419941561289948E-01
 -2.9399245597163803E-01  2.1421006504368646E-03 -1.6724679865741987E+00 -2.0189816014616938E-01 -3.7559988072573719E-01 -7.9275361952748558E-01
  2.0726923042535328E-01 -2.6877182236510966E-01  1.6272786105242457E-01 -1.2936653423276652E+00 -9.8696550437603048E-01 -1.2282636012656967E+00
  2.6345413808649090E+00  2.6989121268388705E+00  9.5544335165149896E-01  3.0215103983583300E+00 -6.3451654001707576E+00 -3.4854941222229505E+00
  3.1287881877101369E+00  3.8704499518499103E+00  3.6001779947570861E-01 -6.4195710646420445E-01  3.6766329851688297E+00 -3.5876489714681559E-01
  3.2977252295338126E+00 -2.4045472811093651E+00 -3.7077230257969895E+00 -8.9347467377550327E-01  2.7367399441399508E-02  1.5620804972299096E-01
  1.7682546362910537E-01  2.5703710281808214E+00  4.4234221412190520E+00  4.2325615374711720E+00  1.5872876857407812E+00 -2.3320714569158754E+00
 -1.5679704569491195E+01  4.5523899063232437E-01  6.6054766546259747E-01 -1.2969465472375952E-01  7.4099561958664550E-01  6.3513605105324289E-01
  5.6844485644061449E-01  7.5655595792541963E-01  1.6138930507936980E-01 -2.3421274701033520E-01  1.3818212295846641E+00  3.1714987534131611E-01
  5.6232129574533107E-01 -2.4076041865611245E-01  9.5813980063621074E-01  4.3920855020725741E-01  8.5343205299766678E-01  4.8075717810249335E-01
  3.1419478412212770E-01  1.0091079970590053E+00  4.1500703468669220E-01  6.4519970084047751E-01  8.0653339170315985E-01  3.9836108713225266E-01
  7.4733599000484185E-01  1.4115711749709279E+00  7.9216554919900284E-01  1.3331340060514507E+00  1.2371683109037925E+00  1.2483114293081432E+00
  8.3061288817786250E-01  7.7098700760123962E-01  3.4305803895893999E-01  3.3423373920013250E-01  2.5018111413704064E-01  4.9832127456067699E-01
  5.6911256670705601E-01  6.2334477340533401E-01  2.1026506653490235E-01  8.7878502914429002E-01  7.5815610947723466E-01  4.8780601608142771E-01
  8.0878785875927295E-01  6.8609726726499320E-01  7.5152940108979960E-01  9.1324722157967353E-01  3.2040535407363846E-01  2.3672692033251411E-01
 -3.6470082197902851E+00 -1.5476325816410939E+00 -8.1607355467717480E-01 -2.2614368064296864E+00 -2.2014675357512834E+00 -1.2930407734483145E+00
 -1.5683905139935432E+00  3.9192742543258226E-02 -2.7093379094244402E-01 -1.9831518713500105E+00  4.3409831071020326E+00 -9.8514650183745434E-01
 -1.7469621575696803E-01 -1.6640114468930851E+00 -1.6200133801809138E+00 -8.8235479682479911E-01 -1.2033884167561721E+00  1.1981024631787793E-01
 -2.1325825114267399E-01 -1.5539805888004476E+00  6.7046549242293474E-01 -3.3410367573302633E+00 -5.9273424907480721E-01 -3.0740918529367929E+00
  2.9010259489250084E-01  1.2636877688933326E-01  2.9792908276188274E-01  1.7511891685567420E+00  1.7260104145176675E-01  1.2621488718417520E+00
 -7.6281903561269226E-01 -5.1845470348543188E+00 -3.7455384198817443E+00  5.1148162310757188E+00 -1.1452245672334385E+00 -1.0971188867187367E+00
 -2.7470071585747369E+00 -2.7511237308986147E+00 -3.4677106619621152E+00 -3.5177020843797036E+00 -1.7107040956137591E+00 -1.7312535224875274E+00
  1.0095233055100264E+01  1.0371038717070164E+01 -1.8773100807334437E+01  6.9134869607754312E-01 -2.1840464392684369E-01  4.6378658498321190E-01
  2.5196782315680083E-01  2.5073570025617603E-01  1.7252713633762559E-01  4.3949536906170192E-02  1.9585247701363370E-01 -2.7121717118310379E-02
  1.0227870849776306E-01 -7.3126138052657219E-01 -1.5379124718482554E-01  1.6611589389889947E-01 -3.2198444491844519E-01  1.1271311909461641E-01
 -2.1681511288284172E-01  7.1882617521981163E-01  4.2139012256988356E-01  2.5119658001724521E-01  8.7035640429825395E-02 -9.5620447312053136E-01
 -1.3915804168736165E-01  1.4153425392320534E-01 -4.6289820141921673E-01  3.3229508947474012E-01  1.0726376112357178E-01  2.6722805061260191E-01
  8.6388096298431039E-01  1.8219303587420893E-01 -1.0647290787372927E+00 -1.8174773863452451E+00 -7.2712067514228818E-01  2.7234878358339238E+00
 -1.2933241346811868E+00 -9.3335939150546510E-01 -3.0112998610957326E-01  7.9829377998844497E-01 -3.6080987172988160E-01  9.3067231192083003E-02
  1.7619318099797679E-01 -1.7221493583633107E-01  1.1454861178327738E+00 -2.1940037654247686E-02 -7.0900626036344394E-01  1.7120711948035244E-01
  7.2055545914489885E-02 -9.9609819112127751E-01  2.3901129194509680E+00  1.0931439441154228E-01  1.0027656769005495E+00  3.4612653797387005E-01
 -2.6364023253526131E-02  4.8788177695330415E-01 -5.3542852385609585E-01  3.1476586690659461E-02 -2.2777383538108464E-01  2.4256844185737869E-01
 -3.3173908408910247E-01 -2.0815582014310605E-01 -5.1578472779733731E-01 -3.9373341074936080E-01  1.9899378562846165E-01  2.3860082241580622E+00
  3.3931419419152181E-01  1.1639885790154785E+00  3.0288616892125486E-01  4.2539168638966597E-02  1.0993491013886978E+00 -3.2723502998726978E-01
  5.4870768071186682E-01 -1.9223073396585550E+00 -5.1800884634509279E+00  3.8177483873538880E+00 -8.2155088397880424E-02  1.1305343132043499E+00
  1.9354411466818342E+00 -3.3099080490413355E+00  1.0903002822235870E+00 -2.7731943024389634E+00 -1.0763193883730529E+00  2.6687453132625572E+00
  2.8565563919393869E-02 -9.0983669418969959E-02  8.8441144384569667E-02  1.9350986188042485E+00 -1.3805997001390477E-01 -9.0752471541902102E-01
 -5.8370710503725720E-01 -1.2193978604605287E+00  5.2208729154016531E-02 -8.5490205211421821E-01 -3.9782165502980596E-02 -1.4016001667998588E+00
  1.5749097940413461E+00 -2.1440499983790344E+00 -2.5692394262997169E+00  1.2544614177165923E+00 -1.8307859951846013E+00  1.3642082746545652E+00
  4.0615340091100594E-01 -3.4010135589509410E-01 -3.1366629461920631E-01  6.3202045998527445E-01  4.8410925381603853E-01 -2.1109537141132586E+00
 -1.1847866070545081E-01 -3.6331740729736195E+00 -3.1255141172823313E+00 -2.3004597402685500E+00 -3.1497805096240019E+00 -1.7249894236464738E-01
 -1.2518016203807907E+00  3.7306784231849348E+00  1.3888468642626487E+01 -3.1191138360858770E+00  1.1633079180119082E-01  1.4793822233919611E+00
 -4.0429380041548031E+00 -5.1528465187285000E-01 -6.7359328055689471E-01  8.3735107699080391E-01  2.6096239205742910E+00  3.8256176493724497E-01
  2.2199248880256088E+00  4.7861061873334942E-02  1.4375319841863579E+00 -1.1064822857601904E-01 -2.2758898375679539E+00  8.9465642204172913E-01
 -1.2849713400608900E+00 -4.1758707575570114E-01 -2.3008466318906868E+00  6.7676275155555321E-01 -1.0344367770284058E+00  4.0161750614902980E-01
  1.1872079531434656E+00 -7.1347620554372149E-01  1.2597994818810785E+00 -6.5227454595432821E-01  4.0262143478615670E-01 -1.3382315944576473E+00
 -8.5161301890089547E-01  1.1467077474190353E+00 -1.8038790620389114E+00 -5.3167286577999928E-01 -6.9313129633137971E-01 -5.0181424299672581E-02
 -1.1965441129602650E-01 -1.6753748515113844E+00  2.2086617950622371E+00  3.5184443257142703E+00  3.2969011635010927E+00  3.8943179115890603E+00
  1.7938286870861688E+00  6.5374336535747812E-01 -1.0899073293839322E+01  4.6454148617396490E-01  3.1802965924731579E+00  5.8764542277544791E+00
  5.9162912235599867E+00  4.0411089570646812E+00  8.3783712225820328E-01 -4.2440245180323259E+00 -4.3329895660105583E-01 -6.2982620437035370E+00
 -5.5921145895754236E+00  8.1139362167263707E-01  2.0425118577415851E+01 -1.8739799828774724E+00 -6.5403884368539833E-01 -8.5544760252422236E+00
 -4.9745643537640225E+00  8.9581659259461777E+00  3.5263396774794442E+00  3.5632888936309657E+00  3.3071055048755817E+00  4.0498607067262231E+00
  2.9329334596101098E+00  2.8216373740341063E+00  1.0692715141598794E+00  6.5478847145506958E-01  3.0011476514479178E+00  4.2412797617185518E+00
  3.2862211180817713E+00 -1.9984623478180386E-01  8.4937860739029858E-01  9.1534094406904865E-01  1.8254290909055386E+00 -6.2016276149063545E+00
  6.1025436012008152E+00  2.1243025152326744E+00  2.8858818316628065E+00  2.7793344780721654E+00  1.0668126675979579E+00  3.0752837366597832E+00
  1.1880380484336901E+00  4.1835438864939700E-01 -7.6073932488285645E-01  8.7423306842313264E-01  2.2222263360307783E+00  1.2262800111690726E-01
  1.4675482332193444E+00  1.0720367426891064E+00 -1.0844548105445904E+00  2.0426976254808560E+00  5.3315196274204932E-02  1.8451852614500051E+00
  1.2366680249803661E+00  7.4653762586902372E-02  2.5456601887614085E+00 -2.7017084702060656E-01 -2.1811104004341035E+00  6.1588729043595087E+00
  7.2139352684025743E-02 -3.1464391670241437E-01  2.0275773882221446E+00  2.3057756148411181E+00  1.0872629147836921E+00  7.8706340190911450E-01
  3.4113250757372776E-01  7.1220381863286764E-01 -2.8167994168552144E+00  1.6093302486802577E-01 -1.1183200823040313E+00 -7.1356520125334799E-01
  1.0018932472154125E+00 -1.3166406611765211E+00  1.2412852673288579E+00  2.1650632216055303E+00 -7.8738411178789294E+00  6.6807962332795970E-02
  3.9147858123770179E-01 -4.0575414762129016E+00  1.1065683279809235E+00 -1.8676178911107758E-01  6.1158042490027953E-01  9.6991679337730885E-01
  1.2260095007772835E+00 -1.0344021324924961E+00 -2.1787469221340081E-01 -8.5111487737814195E-01 -9.2494308183209639E-01  1.6945543554201165E-02
  4.4343281709791915E-01  1.4710490121670143E+00 -3.5998497080383468E-01 -3.0718577663244688E+00  3.7151971966913988E-01  3.9908916802987177E-01
 -2.0418318885629834E+00  1.5829270649568189E-01 -4.7516839125985416E-01  1.5750785474544460E-01 -1.1419721372132827E+00 -2.2700750286759277E+00
 -1.3437549248901639E+00  1.8673848423241706E+00  3.1060258144934794E-01 -5.8938867910758352E+00  4.0585686074458494E+00 -1.6656096297514814E-01
  1.0702129633967914E+00
ORDER     3 BLOCK     5
 -2.9120626240540126E-01  2.9431432592524404E-01  1.2223882796394727E+00  6.9814666594049268E-01 -4.7782524300883789E-01  8.3676663363481807E-01
 -1.7425656773342532E-01  5.3761742865179796E-01  1.1427425941632465E+00 -1.8708217033284297E-01 -4.4352289050620705E-02  1.6620646802295752E-01
 -2.0969230869481770E-01 -6.6739183965271132E-01 -4.7263238353618608E-01 -2.8699476881424529E-01  7.1566498914018573E-01 -5.4052713360556071E-01
 -5.4290185606250030E-01  6.0191299493107198E-01  1.4774573949621769E-01  3.9883447889059531E-01  1.9210389388938254E+00  8.5543576151187628E-02
  1.2807605951758803E+00  4.3617934693088993E-02 -9.1853066019533114E-01 -1.9650697652988505E-01 -3.2408177518917652E-01 -4.0058314245232607E-01
 -6.6153381793717336E-01 -1.3741453908111270E-01 -1.0224875375461533E+00 -7.7585111423907083E-01 -1.1947209011012631E-01 -2.2223666213537904E-01
  4.5445647892729207E-01 -1.2001492019029855E-01 -4.3758468586488847E-01  6.0194950171851169E-02 -7.8279985024400645E-01 -2.9321260529175619E-01
 -7.7662449636981667E-01 -3.9793497876734467E-02  3.2645484254211365E-01 -4.0569184376166349E-02 -1.3067481596942800E-02  1.9963618708067929E+00
  2.6602999503972929E-01  1.2080552074398536E+00 -1.0360234179466814E-01 -1.8927303858053737E-01  3.3992096289201018E-01 -1.7350631744334565E-02
 -7.3328352968322541E-01 -2.4673326678007315E-01  3.9938108487591678E-01 -4.0691751338747295E-01 -3.3225080112462163E-01 -5.4583138014558163E-02
  7.6702821119505452E-02  1.1647570217825969E+00  1.1047776447478327E-01 -6.9591144395096768E-02  3.4643582496246278E-01 -7.2929867139417170E-01
 -5.3426825969296134E-02  2.1867976044377682E-01 -1.8509727471084453E-02 -1.0806629637557619E-01  3.8843286496673934E-01  1.9822756249455278E-01
  1.4878913448911080E-01  1.0697693721146630E-01  5.2866881537902977E-01  1.2047503564108239E-01  1.5770265409062711E-01  3.7715586223432113E-01
  2.2919265329977040E-01  1.0849051304895338E-01 -1.8416822919238993E-01  1.0479430374223685E-01  1.8716973244019591E-01  3.9693575818160898E-01
  1.3831057748564329E-01  3.8476515177134851E-01 -3.1203571303059809E+00 -2.6995644535310013E+00 -1.9369174789411092E+00  2.7199055339594946E+00
  5.3657895001325295E-01  9.3800484642869081E-02  1.4134531622403572E+00  2.8837060745696550E+00 -8.0691305851496620E-01  5.9762841289903279E-01
 -4.7141507708034797E-01  1.8193431726359186E+00  1.7068690686397388E+00 -1.0781510363213247E-01  1.5200292871773560E-01 -2.7291173398330839E+00
 -4.9126439538189886E-03 -6.0893911519771882E-01 -7.8518180144915059E-02 -6.2047384727774624E-01 -1.1901288481827195E+00 -8.1843223539439691E-01
 -4.8651404513283375E-01 -3.5610785155515001E-01 -2.5093934086377154E+00 -2.4135203747209499E+00  1.2311361974361832E+00 -5.1451890321610616E-01
 -1.3376513863220076E+00 -7.7747154980796518E-01 -8.4008436489546834E-01  1.2603432913244663E+00  1.4488649604727777E-01  1.8760846495022516E+00
 -3.4822050862830864E+00 -4.3390622969238035E-01 -5.6880198138823845E-01 -1.7453948098583005E-01  8.1793010814932940E-02  6.9364876393522323E-01
 -1.1276077549041567E-01 -1.3605170804387525E+00  3.0821460669850720E-01  3.5952465806921602E-02  2.3528619705191192E-01  8.3862445891847437E-01
  2.0997104732119434E+00  8.7643281618583563E-02 -6.1226288825689157E-01  2.2848084105349500E-01 -2.9104647490410866E-02  3.0535946475693682E-01
  8.6250050335198258E-01  1.4060534710078043E-01  4.6977362575972320E-01  1.7287185266726750E+00  5.0754740882389504E-01  7.9262674706922265E-01
  7.6459067504411782E-01  7.1874645891617878E-02  4.8208757659190760E-01 -1.0080451660109258E+00 -6.5187703639767325E-01 -2.7523276650133992E+00
 -6.8103560001093844E-01  6.6890485049372839E-01 -4.9827568526321542E-01 -2.7307473162840529E-01  3.3678378064691934E-02 -2.8176382475418422E+00
  8.5948578914940699E-01  4.1939255975379632E+00  2.1916055361233573E+00  1.1777013493125107E-01  9.6190482945801614E-01  1.2889056341337275E+00
  7.7189428625285494E-01 -4.5782986175949208E-01  1.6673128550379032E-01 -3.0718609724383739E+00  4.3529736891449466E-01 -2.7654702219413024E-01
 -2.8688536542399851E-01  1.2376069098295099E+00 -4.9584441764075760E-01  5.4389728352392100E-02 -2.1002773986442427E+00 -5.3108838109728718E-01
 -1.5486956859230711E-01  1.1483503196141852E-01  1.8058640170116582E+00  4.2557467299041740E-01  1.1049784825540341E+00 -7.1460192033022552E-01
 -4.7398627955217831E-01 -1.9352952871665383E-01 -9.5903258927204332E-02  2.9627089093662606E-01 -1.1146314936926552E-01  1.8159868976520313E+00
 -3.3407579560284333E+00  1.4421640737574988E+00  7.3391141291507075E-02 -4.0779839426101400E-01 -8.0901107130022265E-01  9.7158325964981995E-01
 -1.7327190757495230E+00 -2.1166586469448743E+00  2.9662750414747880E+00 -1.2910515997162930E-01 -1.2803816430505941E+00 -4.0073848404318740E-01
 -5.9430697352531803E-01 -1.1806058938583093E+00 -6.2620806568824072E-02  6.6001178946928918E-02  1.4265071135011611E+00 -1.0246467795026003E+01
 -1.1488381522430089E+00  3.4269319012489319E-01  2.3024814975683350E-01 -6.3121580903342245E-01 -3.9104578427547659E-01 -1.9459370933807763E+00
 -1.5883012541343114E-01  9.7034579233458800E+00 -4.9870423013313486E-01 -3.9341297162362787E-01 -3.7206797792816154E-01 -4.4904645677127970E+00
 -2.1254284993432986E+00 -3.0381297820605102E-01  6.7413114251021069E+00 -1.5940756696426672E-01 -4.7147349285139362E-01 -8.5657439077603703E-01
 -4.8844427446711931E+00 -4.4137480655488021E-01 -2.5204028371418814E+00  1.0667870674497231E+00  3.1341354315825992E-04  1.3705734622004007E+00
  1.9526198210832730E+00  5.9100063065757891E-01  7.8695379833556067E-01  2.1218074557849111E+00 -2.1821109310293862E+00  6.6895019868799110E-01
  1.3649741219546974E+00  2.8474170270527854E-01  7.0280581754110408E-02 -1.8817261472771005E+00  2.1230042861217240E+00  6.3934809877674059E+00
  2.2648369719744270E+00  6.5415713972761413E-01 -5.1756885322548107E-01 -4.9171916834943194E-02 -9.0127228314089152E+00  2.7554517983022342E-01
  1.5846855052327551E+00 -2.0453118118108367E+00 -3.1849432223963738E+00 -3.2834643800154062E+00 -1.2839275747938967E+00  6.6204911010047471E+00
  1.1641462689134345E+01 -1.1417273001894996E+01  2.6137841490033260E+00 -1.5217160382524964E-01 -2.0875397287437210E+00 -1.0119750710748774E+00
 -1.9169797009773848E+00 -2.0378799211727361E+00 -9.4878100194762260E-01 -2.7226023372361008E-01 -1.3320228411588342E+00 -1.1098627101491687E+00
 -2.4797621094062555E-01 -1.2298437479216189E+00 -1.4768379628179769E+00 -1.5707326365239536E+00 -5.8434449755281992E-01 -6.1374994237424418E-01
 -1.6627543387975956E+00 -9.8763765736589437E-01 -1.0039695682454026E+00 -4.8835899084789758E-01 -1.0397144673833536E+00 -5.3628673429370499E-01
 -1.8979128820948121E+00 -9.7686305080995550E-01 -1.1970492272246396E+00 -7.7797779800169975E-01 -9.3962977350524224E-01 -1.1257822685812033E+00
 -5.1935505710012064E-01 -1.6826005127463821E+00 -3.8809467195177899E-01 -5.0780651341209837E-01 -4.0278752079691338E-01 -7.7458147752016160E-01
 -8.0614087003332546E-01 -7.1958120206541265E-01 -2.5449955899610543E-01 -1.2761619458527491E+00 -2.5279016670389204E-01 -3.9529360566026378E-01
 -4.7757570337955746E-01 -3.8985832816892518E-01 -5.5182920547778447E-01 -5.2445561223654735E-01 -2.8348426726498804E-01 -1.3068981196009419E-01
  6.6426190564349419E+00  2.0503582124854041E+00  2.3567169077494419E+00  3.7767631004901081E+00  3.4593788097771889E+00  2.3054677941323054E+00
  2.0907662608485182E+00  1.2904548108374084E-01  1.6443033444110933E-01  3.5794880040101500E+00  1.8980014602545301E+00  5.1046589810464482E-01
  1.0612631939135708E+00  1.0406664836381205E-01 -2.3653014485108240E-01 -8.6198173829465141E-01 -1.2217625292957806E+00 -8.6718639167776146E-01
 -9.1935739630127067E-01 -2.8717040809555500E-01 -3.2421733865574903E-01  4.7636428007246341E+00 -6.6715694420118288E-01 -6.1468128641721242E-01
  3.1386673993281000E-01 -5.8026794163671978E-02 -5.2621901218918310E-01 -6.2426312264772688E-01 -6.9061001246365605E-01 -5.2984920825178905E-01
  2.3845755782599104E-01  7.7633321062981686E+00  2.2866931714871384E+00  4.8163853822840554E+00 -4.1169159490296385E+00 -4.7580140883353277E+00
 -3.5688795352851299E+00 -3.4779370154014013E+00 -1.9275044278385935E+00 -1.5567375622033008E+00 -2.0445481296103513E-01  8.4794891540208896E-03
  8.9271118094250212E+00  1.0054689579203828E+01 -1.7615981567225461E+01 -7.2738684019448130E-01  7.3831104673770498E-01 -2.0560920299307811E-01
 -1.4767075610556518E-01  1.4139771783076105E-01  7.7627406185459658E-02  1.4397674503557606E-01  9.6435610299812347E-02  1.3060971780107119E-02
  2.0676356673138184E-02  1.3045225713970376E+00  7.3942396252191878E-01  1.4015572601836634E-01 -1.0994133235510852E+00  3.5226645683343771E-02
  1.0401911212209971E+00 -3.4559636217094170E-01  2.1727640561068742E-01  2.2211879037483251E-01  1.9548500386084557E-02  1.8535827334900978E+00
  1.0649662597143226E+00  1.8999564110738767E-01 -1.5689088267010654E+00  1.1081676299293959E-01  2.1594533061754698E-01 -6.3494996381701685E-01
 -1.8039923348868832E+00 -1.9641505300396850E-01 -8.0164527761501125E-01  1.3931152659266610E+00  6.4170022410716232E-02 -1.5989008546447288E+00
  3.7293212062190201E-01  9.9227801613382197E-02 -3.9327805107322394E-01 -6.8611444505204289E-01  6.3919510906953225E-01  1.0186149405060978E-01
 -2.3864460784683850E-01 -1.0944464943912515E+00 -5.3650326920057789E-01  2.0096626758149156E+00  4.3666725206892348E-01  4.7446477741674986E-01
  3.8537507726319009E-01  9.4560139637985641E-01 -1.5832927342923300E+00  2.5727770533496741E-01  1.0912535776478632E-01  3.5166993635705701E-01
  9.1236438237452030E-03 -9.5222875480039521E-02 -4.6088863762181398E-01  1.4612795124072198E-01  1.5290970604256588E+00  3.2003859344686636E-01
  4.2958836092486535E-01  5.4298779603159020E-01 -9.2681358848876738E-03  1.8143528123604352E-01 -4.9850700907747253E-01 -1.5819826226705493E+00
 -1.5609718074516865E-01 -4.7627648396093419E-01  1.0980652784916159E-01 -5.2311317415419956E-01 -9.0555130780946680E-01 -2.4953906751219723E-01
 -5.5832157955605866E-01  1.6775106238602868E+00  3.6056857053561742E+00 -2.5631654042669751E+00  5.5176421329231573E-01  5.4062903311736232E-01
 -2.0154225255783893E+00  2.4275804502805665E+00 -1.4521924433884419E+00  1.0215837181272234E+00  4.6782466935859340E-01 -9.7738202938758878E-01
  3.5242841187397120E+00 -2.4366052088526717E+00  3.9146232259332436E-01 -3.5601010582125991E-01 -2.4783077195581802E+00  1.5096659894096571E+00
 -1.9139702323282446E+00  7.9021117477146319E-01 -1.5508062025730424E-01 -7.0473267235263237E-01  1.1722160265617634E+00  8.8202543729240102E-01
 -5.1977614170959185E-01 -1.6041061518209683E+00 -2.0621939804009197E+00 -8.6975887642042526E-01 -2.5227093198174816E-01 -1.2188808848722629E-01
  5.0017178815896446E-01 -6.8328334455319231E-02  3.3491143439320354E+00  2.2797660086568521E+00  7.5575806877217280E-03  3.9651928558601068E+00
 -5.1493680894474902E+00  1.0335745756151566E+00 -2.7724617494228658E+00 -3.5451303693047800E+00  1.5534810594376951E+00 -3.1804370912403379E+00
  2.4806706747287497E+00 -4.9721735571926212E-01  3.5462856878079787E+00 -3.5032766249683178E-01  4.7718984252441965E-01 -1.2365539598905357E+00
  7.5855118035295244E-01  2.3656816327812158E-01  1.1238848008156858E-01 -2.8140688127119390E-01 -3.6611975729949175E-01  4.4936571041151882E-02
 -2.8401544133407836E-01  9.7642395742308902E-02 -1.8828736409681059E+00 -1.1613182079253157E+00  2.0903655424729024E+00  2.8551330332392642E+00
  1.1116583430959028E-01  9.4860806321815083E-01  1.3008362146302686E+00  6.6821832836565320E-01  1.1223563469541218E+00  5.2228210733514979E-01
  6.9796607566648361E-01  1.1378062180718318E+00  1.5171883028586863E-01  6.7952465222482739E-01 -1.2459901194101322E+00 -9.7316827492984270E-01
  2.4399013962109994E+00  2.2135984762430372E+00  2.8143999222621396E-01  1.6428158679448268E-01 -5.7201749351336151E-01 -1.1083063769506549E+00
 -3.4163769459034437E+00 -3.6178084494590523E+00 -2.2494789314088144E+00 -4.1163035232499672E+00 -3.1928291312594035E+00 -1.8434772222986100E+00
 -1.6480253556454976E+00  6.2372213625150570E+00  1.8717007258887829E+01 -2.8385024588660546E+00  1.6778037866682685E+00 -7.5080152157114022E-01
 -9.7517087486666887E-01 -3.2540500417377167E+00 -1.5598059339307188E-01  5.5089505172882429E+00  7.7170981634742208E+00  8.3373670372814441E+00
  3.6752671463355759E+00 -8.3850323813497862E+00 -2.8730476487181612E+01  3.7355313804691561E+00 -2.1222903791439154E+00  7.2402439033203481E-01
  2.4036480364681285E+00 -1.8003931233114212E+00 -5.2905129316221911E-01 -6.9597417298678033E-01 -3.9477380809784318E-01 -4.9070722900734115E-01
 -3.3024946634314084E-01 -2.5893672822157837E-01 -1.3916042773673309E-01 -2.7223041308895145E-02 -6.6719423456021276E-01 -1.1295781765780446E+00
  5.7153610732496907E-01  5.9039367640426532E-01 -7.3843362056751155E-02 -8.3450330311795676E-02 -4.0883464654828761E-01  8.9241105900913720E-01
 -8.4542388253228384E-01 -4.5362582424670594E-01 -8.2613669120823752E-01 -8.3179252738109521E-01 -3.0296909976341974E-01 -5.1220386058431278E-01
  3.8723763004140316E-01 -1.2704580135155212E+00 -5.9339169979363593E-01 -3.0970414922824885E-01 -2.3865419564938894E-01 -1.4112502703299226E+00
 -3.0553010774584668E+00  2.2540153817604027E+00  3.3608098216675986E-01 -1.4320884943313865E+00  1.0581732248095070E+00 -1.6469504312702785E+00
  5.8816505350362802E-01 -5.8334061462955356E-01  4.1897286510354670E-01 -1.1771305331699453E+00 -2.9484384403708561E+00 -2.4165408162166480E+00
 -3.6802636175758296E-01 -3.1070971281761300E-01 -1.2050339119606204E+00  1.9119420708297963E+00 -9.4966548337093215E-01  2.4252132089760314E+00
 -2.6815204833575166E+00 -1.7192855083709071E+00  1.9456867131875966E-01 -2.3438980462902035E+00  2.5976169448451208E-01 -1.0456571948176980E+00
 -2.8213947936714896E-02  2.8074039974700371E-01 -1.7782782073156576E+00 -2.8373220902701299E+00  2.2387096132652520E+00  2.1599146403212430E-01
  1.7268774781648988E-01  2.1873297959939149E+00 -1.5379806323773970E+00  2.2857766860167343E+00  1.7033900715419354E+00 -3.7739140488464051E-01
  5.2284402352905957E-01  9.3655264780652125E-01 -1.2848238404983961E-02  1.0792101083558729E+00 -1.7577894333530517E-01  4.3374864243746192E-01
  1.5865926009561124E+00  1.3582518130557439E+00 -5.7944789254290163E-01  1.0600556686293583E+00  3.2016698870018268E-01  2.8013415607007708E-01
  6.6595818481240054E-01 -9.9618524646385798E-01  2.1609934800065629E+00  4.2480164848006469E-01  7.1204022262767308E-01  7.6708757728272614E-01
  3.3243439420354587E-01  1.8431999846645446E+00  1.4001214965512685E+00 -1.4294015115479233E+00  4.1588196184025050E-01  7.4993335790926444E-02
 -6.7939418201505244E-02
ORDER     3 BLOCK     6
 -1.9134015663484152E+00  1.3258739440929426E+00  6.5572516985765417E-01  5.8539214146697760E-01  1.1663607823379156E-01  4.0794431282376764E-01
  5.9776469409050792E-01  9.9498890367962195E-02  6.9443726890510993E-01  1.6411173874930085E-01  4.7314903845814354E-01  5.4001402303167523E-01
 -1.1925485333152663E+00  7.4179145092395940E-02  1.8825383420851341E-01 -4.2106961360813089E-01 -4.4074084333275915E-01  2.0273213418436942E-01
 -1.4536870118214040E-01  1.5104978549666064E+00 -3.0152091250487090E-01  3.6206197266528978E-01 -5.4243325479892268E-01  3.0392929012935471E-01
  4.5130439028880837E-01 -1.4402614691814358E-01  9.7366312750062096E-03  2.7945152795337225E-01  2.7760098335490237E-02 -1.3371158046333309E+00
  1.7611557449709724E-02  3.9285147863757841E-01  8.2144158976422604E-02 -3.8665086591358444E-01 -3.7302535667941555E-01  6.0742943721189650E-05
  4.3196112513171339E-03  2.6731725193319461E-01 -1.7417046649844967E-01 -4.2753006248415645E-02 -5.3089028048244924E-01  3.8645499763113142E-02
 -2.8111960148225740E-01 -1.6301227507825106E-01  1.0542176667580523E+00 -1.9862842031279662E-01  4.6998825527422544E-02  3.6847768106048051E-01
  1.2914752802872959E-01  4.8600690730584878E-01 -1.5453590012751622E-01 -2.2876516809615405E-03 -8.2090530523614258E-02  2.5048094925148290E-01
 -6.1999728709604929E-01 -4.9687677367776552E-02  6.2868092823858446E-01 -1.3663876603441544E-01 -1.7685175129837055E-01 -4.6701882913564091E-01
 -3.6351471225047297E-02  2.9640444557120255E-01 -9.1675931538895805E-02 -1.8957230682912682E-01 -1.3982873115795541E-01  2.5217566223339823E-02
 -5.6808580277121018E-02  2.6157924655927556E-01 -1.1312349267870037E-01 -1.7015631276611293E-01 -8.4825875920633148E-02 -8.3182416310552711E-03
  3.2485081188972303E-01  1.8573829302762905E-02  4.2086088242401781E-01 -1.2991518149609449E-01  1.5871141462836413E-01  1.5721538626020365E-01
  1.2817762544728595E-01  1.3798554916107700E-01  2.3988971970635015E-01  3.0183028332556303E-02 -3.9620913190653272E-03  8.1742435985989667E-02
  6.8785994573124953E-02 -6.7991591380919658E-01 -3.1435810972095353E+00 -1.2771128823060049E+00  4.5571934275499942E-01  2.5397809531117921E+00
 -5.6626867955615716E-02  2.6261529534292405E-01  8.8374106951683140E-01  1.4257997191882705E+00  1.9968447706895259E-01  1.4362866384174172E-01
 -2.1134557758247889E+00  1.1335205955864851E+00  5.6697394467406492E-01 -1.9990441676195628E-01  6.1642489865819383E-01 -8.9003562658926560E-01
 -1.7326126138328686E-02 -1.4560868323572631E+00 -2.1172281032739387E-01 -2.8194198067657916E-01 -6.5382310892049367E-01  4.8334062443541354E-01
  3.3210691068392556E-03  3.5971059666960298E-01  2.5405617146287335E-01 -9.8095689075775738E-01  1.1067512402307671E+00 -4.0274078712860983E-02
 -4.7541599308990767E-01  4.4251959130079468E-02 -1.6668141180824364E-01  8.2983391344988544E-01  1.2741180867802515E+00  9.9292609181836766E-01
 -2.6666191940613349E-01 -1.4180698304786816E+00 -4.4513871775656805E-01 -7.0062090010757794E-01 -8.9942322825174703E-01  1.4559111423122539E-01
 -5.7562031514228851E-01 -7.0010796690869059E-01  3.8832743034780559E-01 -5.2707435131063196E-01  3.8406276251721866E-01  7.0709631995624411E-01
  1.9849533857255788E-01  1.0017979124021574E-01  1.1001808158823808E-02  4.3380529513969418E-01  1.6722254530170910E-01  5.3661978655416076E-01
  1.0255891208717114E+00  3.4166790947111048E-01  5.4050772468032104E-01 -7.9851530735231846E-01 -7.3951357512021476E-01 -1.3439575796732075E+00
  1.8207437043350477E-01  8.5456642177890840E-01 -4.5547303108523723E-01  1.1564388471409295E+00  1.7665459886329269E+00 -4.4556328481499047E-01
  1.0233497916723128E-01  3.6709447120374977E-01  9.5664193581315549E-01 -5.4665213022409309E-01 -1.3068780922662976E-01 -1.9650575184359826E+00
 -5.8680332434658582E-02  1.2779475655358308E-01  9.6899760855611661E-01  5.5251267035773732E-01  9.6026122311180573E-02  2.9616202234513123E-01
  5.6432198381077958E-01 -1.0816991363593867E-01  3.9224740667958602E-01 -2.0107257802845543E-01  5.4182342765027824E-01  5.6803075073698528E-01
  2.0188267977959664E-02  2.8913156756261460E-01 -4.6629460735767558E-01  8.7513964548005696E-02  1.5881402479900170E-01  1.3908158616681159E-03
  2.3014464459223868E-01 -9.3694394949902726E-02  1.1133264586547190E-01  1.0603744635731459E-01 -3.4523984828951654E-03  6.5448381236753353E-02
  1.3758126042084354E-01  1.1949057849642522E-01  6.7858598206754592E-02  1.0973208978944778E-01  8.9510634819159954E-02  1.1990571799315589E-01
 -1.8927410330869694E+00  1.4064283308097236E+00 -1.0151734835139301E+00 -1.6213033401249444E+00 -6.7227364769852871E-01 -7.0659059355170106E-01
  1.2573643237372284E-01 -2.9031492239902006E+00  6.8640697904706527E-01 -4.4636623292308070E-01 -7.5643088832705718E-01 -5.4141742511623392E-01
  3.1042722477453433E+00 -1.3962953392580904E-01  5.6159099288835154E-02 -2.1716754183758624E+00 -2.8855066685427286E+00  1.7566613905218180E+01
 -5.2319511213457048E-01 -9.9102314125230950E-01  3.5332297450937772E-01  5.5755960775524360E-01  8.6880164836986407E-01  2.1163421879107358E+00
  1.4044282835518848E-02 -1.6755684095449407E+01  1.1389296152375548E+00  3.9933828274390437E-01  6.4403844884279149E-01  7.4375804304015807E+00
  2.2652532700612005E+00  3.2701485483986448E-01 -1.2620727154205646E+01  5.3134755763186470E-01 -1.0513038256063693E-01  6.1418105950567525E-01
  7.7179795686355233E+00  1.2800293660245868E-01  4.0936752548466959E+00  1.2581946190009927E+00 -4.6388546377817630E-01 -2.4098792777647300E+00
 -3.5058453177199755E-01  9.6355616703630920E-01 -6.8258391880782210E-01  4.8815568187114328E-02  3.8330318916122099E+00 -1.0775940718803265E+00
 -1.7001912253658409E+00 -5.2239248173908726E-01  1.4034767847470475E+00 -1.9970805256191577E+00 -1.3888983032484612E+00 -2.3960066564048530E+00
  2.3452483249670140E+00 -5.9290126417656586E-01 -1.6885763571175205E+00 -6.5197561232749224E-01 -1.9910393928802472E-01  2.9843522742539434E+00
 -3.2444115874968560E-01 -1.5917331768350997E+00 -1.9143654061241573E+00 -1.6480103668336172E+00 -5.7975077009417497E-01  1.8901599616445410E+00
  8.5856750769764449E+00 -1.8066949261068976E-01  1.7320083865310809E+00  5.8348994841831181E-01 -6.8824013756824864E-01 -8.7156496013317297E-01
 -1.6741437201315432E+00  4.5357982800614310E-01 -3.6301418109465061E-01  8.2623310248598192E-01 -6.7824073901825455E-01 -6.8165483079365130E-01
 -2.5873282089229260E-01 -1.8424605884790053E+00 -1.4163999478901628E+00 -2.2688394352294190E+00 -1.3611497726510768E+00 -1.2434505657529393E+00
 -1.2982300380786536E+00 -8.7456737779452975E-01 -2.6152181878197527E+00 -1.0625382586824212E+00 -2.0559629297765278E+00 -8.8405327857442950E-01
 -3.7598510933892909E-01 -2.0619959849553608E+00 -1.6294056796286001E+00 -8.9128203030617481E-01 -1.4401013393288229E+00 -7.0419165491768909E-01
 -4.2460795337866925E-01 -1.5672797197150401E+00 -5.0603269040100352E-01 -1.8063623692163224E+00 -7.4423134495649435E-01 -1.1696634323128938E+00
 -1.0646329926626950E+00 -2.9104794051087307E-01 -2.6786552986386059E-01  3.3954107823159613E-01 -1.0101593275971270E+00 -4.0826378463966284E-01
 -1.8391077498154065E-01 -2.6530437256969719E-01  1.9928685978552063E-01 -1.5380268968304323E-01  1.9912244296796458E-01  1.4363461384051927E-02
  5.5434695299241543E+00  1.4379871222031366E+00  1.0617775786278301E+00  3.4362917397210264E+00  2.3751035383427648E+00  2.1548434555059197E+00
  2.5084123551698818E+00  2.3159714207984777E-01  9.8110026659859184E-01  2.8099298755232915E+00 -3.6328609000729166E+00  2.6484726615444920E-01
 -2.4175843804673366E-01  1.7831306286314552E+00  7.3179061712013760E-01  1.5628855908705048E+00  1.9816294922878432E+00  4.0961583145530656E-01
  1.2048500914450730E+00  2.0119889203249470E+00 -1.7031620533791061E+00  2.6793280009883271E+00  1.4261515442462300E+00  1.5088869312822004E+00
  1.1295751777002816E+00  3.6396746685517090E-01 -8.2899770926343985E-02 -2.0642559854440277E-02 -5.1090673789081165E-01 -1.1235195520504446E-01
  7.5844749075360240E-01  1.9436950316594948E+00  5.1376751299962375E+00 -2.6456003885859158E+00  5.0593082115331622E+00  6.1794926670887760E+00
  1.6886471657747975E+00  1.9061343908806461E+00 -1.1335957438407822E+00 -1.7757209808478951E+00 -1.4106576391791770E+00 -1.9796958858530018E+00
 -5.3142524082718223E+00 -5.1978069746645792E+00  8.3992900964581896E+00  1.1486223576122305E+00  8.8848335254717137E-01  5.4407048977928296E-01
  8.2403607526053690E-01  3.1963933005963641E-01  1.6281317699395829E-02 -2.1422715363662972E-01 -3.1571407713711652E-01 -2.9994662716857012E-01
 -2.4095754877243328E-01  1.0256440919426251E+00  6.7725779048956503E-01  7.8858593117684606E-01  1.0307212952352005E+00  2.8512879584806022E-01
  7.4844664631095414E-01  1.1371363961834628E+00  5.8710823719378330E-02 -7.6638934914757040E-01 -6.2206457708336993E-01  1.2498538540859550E+00
  7.5402081350744499E-01  9.8746793602455918E-01  1.5142775585587427E+00  7.9717053361598678E-01  3.1984671550844229E-01 -1.8798323285555496E-01
 -6.6315237282811712E-01  5.8210681604433134E-01 -7.4191340377036330E-01  1.2659028419116640E+00  5.1685356353415846E-01 -1.4171037581411965E+00
  1.1613737914704303E+00  6.1490097494856055E-01 -6.6360826573728704E-01 -7.6072962553429324E-01  1.2365846720290139E+00 -3.9050193411826750E-02
 -4.2365955821443357E-01 -1.4386081437961560E+00 -6.7420432957089305E-01  1.8597877205237456E+00 -2.0464206976266536E-01 -2.7240704233859794E-02
 -1.5871657247543081E-01  5.5736327151977016E-01 -8.9600207350873862E-01  2.2164196194829777E-01 -7.8734460125878691E-01 -3.7291905113349971E-01
 -1.0321436265182364E+00 -5.5422517956450135E-01 -2.3385472947748362E-01 -3.3712045992893284E-02  1.5007946175682068E+00 -3.1903445805424852E-01
  3.1587884784388748E-01  2.9532881669927907E-01 -3.9130041404500582E-01  2.7270634523368797E-01 -6.3650179562046538E-01 -1.1282213928478046E+00
 -3.5830290691198985E-01 -1.0383680184168682E+00 -3.1919485634568373E-01 -9.8814914040096968E-01 -1.2604820417265827E+00 -4.1463674893510327E-01
 -5.8387572772874763E-01  1.1614648639835665E+00  4.9430195710118969E+00 -4.0045795218421762E+00  1.1094503789838155E+00 -4.9709521154393543E-01
 -1.7008467295225020E+00  2.8714288879740275E+00 -1.6308623260935229E+00  2.2527230743378568E+00  5.6420604097955218E-01 -1.3505331368679778E+00
 -1.6321578858032841E+00 -9.3198765789692484E-01  1.4594005211807537E+00 -1.8700945553089843E-01  1.2439741275306662E+00  1.5257879462752602E+00
  6.3649005838365635E-01  8.6922443833611907E-01  1.0330569708540662E+00 -1.0667736837612287E+00  2.7922071884388155E-01  1.8453917988485959E+00
 -1.2726027623425671E+00 -8.8151246833971242E-02  1.2391518418103600E+00 -1.9903466328191313E+00  1.9665833189375379E+00 -6.6026726063034913E-01
  2.4608386979362205E-02  1.0575430543527495E-01  1.4006485795600192E-02  2.4666512664011297E+00 -2.6944348446343125E-01  2.2632847081786317E-01
  8.5879985874575784E+00  6.0458184322230546E-01  1.8768891994171630E+00  2.0435622920339829E+00 -2.1425410941151970E+00  1.5317846629498200E+00
 -2.3234171416841267E+00 -1.8924638099982285E+00 -1.0483476815373480E+01  1.2287723217125419E+00  1.5496687794959794E+00 -1.3612741491064986E+00
  2.5454516364247559E+00 -2.4252227811409552E+00  2.3571466648397571E-01 -1.6021193138904530E+00 -2.3874601358525074E+00  5.0594797399352442E-01
 -1.8873888012202182E+00  9.2342748647597572E-01 -2.0870721578907623E+00 -3.7736275798675121E+00 -8.8021805334999692E-01 -7.7733023667802470E-01
 -7.3076340289889807E-01  3.2360099804374181E+00  1.9949222802062503E+00 -2.8446520730185938E+00  2.0751290221712524E+00 -1.7391630726245999E-01
  1.3299373320868793E-01  3.0256268404017752E+00 -6.5084873285129252E-01  2.3414496906722055E+00 -2.4044936668104791E-01 -1.5706321183896768E+00
 -4.9493965815391683E-01 -8.0115078191997624E-01 -2.0109005558326087E+00 -1.3278176111593194E+00 -9.7321745659031600E-01  7.6194558660198197E-01
 -1.1018665277726910E+01 -3.7676461862524699E+00 -6.9070355367945107E+00 -7.9921245231939526E+00 -1.3092558377219918E+00 -4.9562367506316880E+00
  1.5191175391617546E+00  5.7812141315603380E+00  2.2444617089359678E+01  2.6397819776360381E+00 -7.8543653345952480E-01  1.3903877342574372E+01
  1.3399951690895525E+01  1.3239557697606212E+01  2.1933711017012225E+00  9.3645347192655990E+00  6.4953138834410131E+00  4.8700372511090402E+00
  1.7021597817156870E+00 -8.7604825658227607E+00 -2.4503747701973463E+01 -3.9782644665535671E+00 -3.2705736809471193E+00 -1.7382175012182746E+01
 -1.1710625369613670E+01  1.4867949221231314E+01  7.7722090733087343E+00  6.4985014266634877E+00  6.1523338905558624E+00  5.3120628587570478E+00
  3.2977579466310805E+00  4.0816469126576527E+00  2.7786268876012965E-01  1.2368183747267305E+00  5.5668934426607510E+00  4.5630287640442804E+00
  4.1279722246477935E+00 -1.4779568682632145E+00  1.9505101001614411E+00  1.8388213405174827E+00  5.1895474846066998E+00 -1.0441136738134054E+01
  9.9977154214362951E+00  2.9221851009067668E+00  5.3752098369452810E+00  5.6562088901638061E+00  2.3507324066102728E+00  4.2415990485743853E+00
  5.5523193656038821E+00  2.4521564795473316E+00  2.6378631442790734E-01  1.1775112296580910E+00  1.8354372691131946E+00 -7.9514280398893689E-01
  3.5327347647273801E+00  2.1021474497324760E-01  2.0621417183761070E+00 -1.3430375752758978E+00 -1.0249056609662868E+00  2.4999335717938118E+00
 -1.1740830333135039E+00  2.2574245345618604E+00  2.2794206066038938E+00  1.3898092507131004E+00  8.1082166871171684E-04  4.0547667366700066E+00
  4.7089082516771585E-01  1.0802785256790437E-01  3.2587521526272925E+00 -4.5547857326950318E-02  3.1613755305424751E-01 -9.7402890094371020E-01
  4.7991604964312300E+00 -2.4363835736399952E+00  1.5351800177586541E+00  1.6397892384222488E+00 -3.2697866588981461E+00  1.9866598465755678E+00
 -2.7257442466756263E+00 -9.7326983925137633E-01  8.6745145038616622E-01  2.4675168035753186E+00 -6.0969809354100324E+00  9.3847484184649499E-02
  5.7699234472290983E-01 -7.9977987387820937E+00  3.8899247573008040E+00 -1.5162719494369563E+00  3.0304995180896586E+00 -2.4238666775755067E+00
  4.7679842488558943E-01  8.1381443280471399E-01 -6.9941565486149526E-01  1.7199513205084027E+00 -8.0747413637294463E-01  1.0887343516857397E+00
  5.4770497597817425E-01  5.3542015868962201E-01 -1.9017913491364855E-01 -3.6813416380541275E+00  4.1312599295935906E-02 -4.7677990065464686E-02
 -4.2218586939012326E+00  1.5447122380537650E+00 -1.5691105602921827E+00 -7.2611012344580406E-01 -5.4279669814014453E-01 -4.1419709432173585E-01
 -1.2999796401816621E-01 -1.4831172149750784E+00 -1.4031696402794065E+00  1.0919159558071525E+00  1.7862524700856324E+00 -6.7018350937985804E-01
  1.0110658470096248E+00
