 N     6.0   -1.71182580   -0.00000020   -0.00121878   12.00000000
 C     6.0   -0.37712859   -0.00000017   -2.28719139   12.00000000
 C     6.0    2.24308604   -0.00000001   -2.27242114   12.00000000
 C     6.0    3.58070773    0.00000012    0.00684713   12.00000000
 C     6.0    2.25056859    0.00000009    2.26951494   12.00000000
 C     6.0   -0.38558876   -0.00000007    2.28545724   12.00000000
 O     8.0   -4.27636079   -0.00000035    0.09756622   15.99491464
 H     1.0   -1.40038697   -0.00000027   -4.07060295    1.00782504
 H     1.0    3.25719098    0.00000001   -4.05766387    1.00782504
 H     1.0    5.63179470    0.00000024    0.00350839    1.00782504
 H     1.0    3.26357284    0.00000019    4.05557799    1.00782504
 H     1.0   -1.44642363   -0.00000009    4.04024298    1.00782504
 H     1.0   -4.92320728    0.00000142   -1.58538753    1.00782504
 N     6.0   -1.70831213   -0.00000022    0.00961610   12.00000000
 C     6.0   -0.38052056   -0.00000019   -2.27947573   12.00000000
 C     6.0    2.24064151   -0.00000001   -2.27182733   12.00000000
 C     6.0    3.58072031    0.00000013    0.00607651   12.00000000
 C     6.0    2.25740877    0.00000010    2.27382155   12.00000000
 C     6.0   -0.37887903   -0.00000008    2.29373687   12.00000000
 O     8.0   -4.26762221   -0.00000039    0.10893589   15.99491464
 H     1.0   -1.41172566   -0.00000029   -4.05797857    1.00782504
 H     1.0    3.25268881    0.00000001   -4.05821044    1.00782504
 H     1.0    5.63191673    0.00000026   -0.00146173    1.00782504
 H     1.0    3.27598856    0.00000021    4.05667451    1.00782504
 H     1.0   -1.43831950   -0.00000010    4.04934695    1.00782504
 H     1.0   -4.99013328    0.00000157   -1.75904274    1.00782504
 N     6.0   -1.70659226   -0.00000024    0.01499681   12.00000000
 C     6.0   -0.38224397   -0.00000020   -2.27563983   12.00000000
 C     6.0    2.23938454   -0.00000001   -2.27153968   12.00000000
 C     6.0    3.58067893    0.00000014    0.00568826   12.00000000
 C     6.0    2.26077591    0.00000010    2.27595702   12.00000000
 C     6.0   -0.37557500   -0.00000009    2.29784532   12.00000000
 O     8.0   -4.26329037   -0.00000041    0.11456932   15.99491464
 H     1.0   -1.41740400   -0.00000031   -4.05168066    1.00782504
 H     1.0    3.25041237    0.00000002   -4.05848654    1.00782504
 H     1.0    5.63192690    0.00000028   -0.00393869    1.00782504
 H     1.0    3.28213018    0.00000022    4.05720385    1.00782504
 H     1.0   -1.43432723   -0.00000011    4.05386160    1.00782504
 H     1.0   -5.02391864    0.00000165   -1.84580813    1.00782504
 N     6.0   -1.70582489   -0.00000024    0.01765006   12.00000000
 C     6.0   -0.38320051   -0.00000020   -2.27375797   12.00000000
 C     6.0    2.23865942   -0.00000001   -2.27143411   12.00000000
 C     6.0    3.58056303    0.00000014    0.00545475   12.00000000
 C     6.0    2.26236754    0.00000010    2.27698434   12.00000000
 C     6.0   -0.37401435   -0.00000009    2.29986110   12.00000000
 O     8.0   -4.26121695   -0.00000041    0.11735048   15.99491464
 H     1.0   -1.42033698   -0.00000034   -4.04856378    1.00782504
 H     1.0    3.24917622    0.00000002   -4.05866327    1.00782504
 H     1.0    5.63183598    0.00000028   -0.00521799    1.00782504
 H     1.0    3.28510934    0.00000022    4.05742577    1.00782504
 H     1.0   -1.43242115   -0.00000011    4.05608115    1.00782504
 H     1.0   -5.04097865    0.00000168   -1.88919642    1.00782504
 N     6.0   -1.70506862   -0.00000024    0.02029719   12.00000000
 C     6.0   -0.38416858   -0.00000020   -2.27188093   12.00000000
 C     6.0    2.23792157   -0.00000001   -2.27133354   12.00000000
 C     6.0    3.58043422    0.00000014    0.00521612   12.00000000
 C     6.0    2.26394736    0.00000010    2.27800521   12.00000000
 C     6.0   -0.37246514   -0.00000009    2.30187050   12.00000000
 O     8.0   -4.25915461   -0.00000042    0.12012530   15.99491464
 H     1.0   -1.42328001   -0.00000034   -4.04544957    1.00782504
 H     1.0    3.24792734    0.00000002   -4.05884484    1.00782504
 H     1.0    5.63173160    0.00000028   -0.00650235    1.00782504
 H     1.0    3.28807604    0.00000022    4.05764018    1.00782504
 H     1.0   -1.43052647   -0.00000011    4.05829425    1.00782504
 H     1.0   -5.05809869    0.00000172   -1.93257139    1.00782504
 N     6.0   -1.70420774   -0.00000025    0.02297356   12.00000000
 C     6.0   -0.38502175   -0.00000020   -2.26996721   12.00000000
 C     6.0    2.23729741   -0.00000001   -2.27118425   12.00000000
 C     6.0    3.58040834    0.00000014    0.00503236   12.00000000
 C     6.0    2.26562061    0.00000011    2.27907351   12.00000000
 C     6.0   -0.37082223   -0.00000009    2.30391508   12.00000000
 O     8.0   -4.25698812   -0.00000044    0.12291728   15.99491464
 H     1.0   -1.42609835   -0.00000033   -4.04230136    1.00782504
 H     1.0    3.24680049    0.00000002   -4.05897278    1.00782504
 H     1.0    5.63172968    0.00000027   -0.00772226    1.00782504
 H     1.0    3.29112722    0.00000024    4.05790572    1.00782504
 H     1.0   -1.42854622   -0.00000013    4.06053755    1.00782504
 H     1.0   -5.07515373    0.00000174   -1.97591328    1.00782504
 N     6.0   -1.70347153   -0.00000025    0.02560974   12.00000000
 C     6.0   -0.38601115   -0.00000020   -2.26809880   12.00000000
 C     6.0    2.23653582   -0.00000001   -2.27109317   12.00000000
 C     6.0    3.58025593    0.00000014    0.00478371   12.00000000
 C     6.0    2.26717949    0.00000011    2.28008199   12.00000000
 C     6.0   -0.36929323   -0.00000009    2.30591274   12.00000000
 O     8.0   -4.25494583   -0.00000045    0.12568129   15.99491464
 H     1.0   -1.42906001   -0.00000033   -4.03919125    1.00782504
 H     1.0    3.24552751    0.00000001   -4.05916365    1.00782504
 H     1.0    5.63160066    0.00000028   -0.00901699    1.00782504
 H     1.0    3.29407202    0.00000022    4.05810538    1.00782504
 H     1.0   -1.42667129   -0.00000011    4.06273897    1.00782504
 H     1.0   -5.09239193    0.00000178   -2.01925953    1.00782504
 N     6.0   -1.70274437   -0.00000026    0.02824101   12.00000000
 C     6.0   -0.38701043   -0.00000021   -2.26623425   12.00000000
 C     6.0    2.23576314   -0.00000001   -2.27100664   12.00000000
 C     6.0    3.58009269    0.00000015    0.00453016   12.00000000
 C     6.0    2.26872907    0.00000011    2.28108450   12.00000000
 C     6.0   -0.36777313   -0.00000010    2.30790496   12.00000000
 O     8.0   -4.25291256   -0.00000044    0.12844069   15.99491464
 H     1.0   -1.43203036   -0.00000032   -4.03608263    1.00782504
 H     1.0    3.24424307    0.00000002   -4.05935908    1.00782504
 H     1.0    5.63146026    0.00000030   -0.01031695    1.00782504
 H     1.0    3.29700724    0.00000023    4.05829782    1.00782504
 H     1.0   -1.42480489   -0.00000012    4.06493510    1.00782504
 H     1.0   -5.10968851    0.00000184   -2.06259041    1.00782504
 N     6.0   -1.70202565   -0.00000026    0.03086772   12.00000000
 C     6.0   -0.38801914   -0.00000021   -2.26437328   12.00000000
 C     6.0    2.23497983   -0.00000001   -2.27092450   12.00000000
 C     6.0    3.57991923    0.00000015    0.00427177   12.00000000
 C     6.0    2.27027007    0.00000011    2.28208116   12.00000000
 C     6.0   -0.36626123   -0.00000010    2.30989203   12.00000000
 O     8.0   -4.25088769   -0.00000045    0.13119594   15.99491464
 H     1.0   -1.43500905   -0.00000033   -4.03297516    1.00782504
 H     1.0    3.24294759    0.00000002   -4.05955896    1.00782504
 H     1.0    5.63130910    0.00000030   -0.01162223    1.00782504
 H     1.0    3.29993362    0.00000023    4.05848309    1.00782504
 H     1.0   -1.42294623   -0.00000012    4.06712628    1.00782504
 H     1.0   -5.12704296    0.00000188   -2.10590539    1.00782504
 N     6.0   -1.70052063   -0.00000027    0.03613063   12.00000000
 C     6.0   -0.38995695   -0.00000021   -2.26063037   12.00000000
 C     6.0    2.23348927   -0.00000001   -2.27072467   12.00000000
 C     6.0    3.57963475    0.00000016    0.00379797   12.00000000
 C     6.0    2.27340465    0.00000011    2.28410594   12.00000000
 C     6.0   -0.36318391   -0.00000010    2.31388258   12.00000000
 O     8.0   -4.24677093   -0.00000047    0.13670062   15.99491464
 H     1.0   -1.44087201   -0.00000033   -4.02673886    1.00782504
 H     1.0    3.24044299    0.00000002   -4.05991678    1.00782504
 H     1.0    5.63106774    0.00000032   -0.01417784    1.00782504
 H     1.0    3.30582675    0.00000024    4.05888785    1.00782504
 H     1.0   -1.41918539   -0.00000013    4.07151877    1.00782504
 H     1.0   -5.16181820    0.00000196   -2.19248673    1.00782504
 N     6.0   -1.69913419   -0.00000027    0.04135671   12.00000000
 C     6.0   -0.39203371   -0.00000022   -2.25692979   12.00000000
 C     6.0    2.23185486   -0.00000001   -2.27058928   12.00000000
 C     6.0    3.57922434    0.00000016    0.00324824   12.00000000
 C     6.0    2.27643629    0.00000011    2.28606015   12.00000000
 C     6.0   -0.36020784   -0.00000010    2.31782432   12.00000000
 O     8.0   -4.24277193   -0.00000047    0.14218849   15.99491464
 H     1.0   -1.44688221   -0.00000035   -4.02052766    1.00782504
 H     1.0    3.23777991    0.00000003   -4.06034651    1.00782504
 H     1.0    5.63069815    0.00000032   -0.01682596    1.00782504
 H     1.0    3.31162879    0.00000023    4.05920932    1.00782504
 H     1.0   -1.41551127   -0.00000015    4.07587078    1.00782504
 H     1.0   -5.19692558    0.00000204   -2.27899768    1.00782504
 N     6.0   -1.69775726   -0.00000027    0.04657247   12.00000000
 C     6.0   -0.39412200   -0.00000022   -2.25323450   12.00000000
 C     6.0    2.23020407   -0.00000001   -2.27046034   12.00000000
 C     6.0    3.57879732    0.00000016    0.00269135   12.00000000
 C     6.0    2.27945609    0.00000011    2.28800207   12.00000000
 C     6.0   -0.35724208   -0.00000010    2.32175444   12.00000000
 O     8.0   -4.23878240   -0.00000049    0.14766569   15.99491464
 H     1.0   -1.45289806   -0.00000035   -4.01431295    1.00782504
 H     1.0    3.23510012    0.00000002   -4.06078211    1.00782504
 H     1.0    5.63030983    0.00000032   -0.01948144    1.00782504
 H     1.0    3.31741665    0.00000024    4.05951404    1.00782504
 H     1.0   -1.41184697   -0.00000015    4.08021111    1.00782504
 H     1.0   -5.23223881    0.00000212   -2.36543875    1.00782504
 N     6.0   -1.69635877   -0.00000028    0.05178406   12.00000000
 C     6.0   -0.39618373   -0.00000023   -2.24953440   12.00000000
 C     6.0    2.22857507   -0.00000001   -2.27031971   12.00000000
 C     6.0    3.57838490    0.00000017    0.00214955   12.00000000
 C     6.0    2.28248826    0.00000011    2.28995001   12.00000000
 C     6.0   -0.35426256   -0.00000011    2.32568321   12.00000000
 O     8.0   -4.23477158   -0.00000049    0.15313055   15.99491464
 H     1.0   -1.45887607   -0.00000036   -4.00808784    1.00782504
 H     1.0    3.23244724    0.00000003   -4.06120239    1.00782504
 H     1.0    5.62993401    0.00000034   -0.02211575    1.00782504
 H     1.0    3.32320912    0.00000024    4.05982354    1.00782504
 H     1.0   -1.40817380   -0.00000016    4.08454678    1.00782504
 H     1.0   -5.26771907    0.00000221   -2.45181447    1.00782504
 N     6.0   -1.69502506   -0.00000028    0.05697672   12.00000000
 C     6.0   -0.39832754   -0.00000023   -2.24585685   12.00000000
 C     6.0    2.22685899   -0.00000001   -2.27022018   12.00000000
 C     6.0    3.57790024    0.00000017    0.00155696   12.00000000
 C     6.0    2.28546814    0.00000011    2.29185064   12.00000000
 C     6.0   -0.35133357   -0.00000011    2.32958284   12.00000000
 O     8.0   -4.23082482   -0.00000050    0.15859298   15.99491464
 H     1.0   -1.46494194   -0.00000036   -4.00186945    1.00782504
 H     1.0    3.22969505    0.00000003   -4.06166982    1.00782504
 H     1.0    5.62948364    0.00000034   -0.02481465    1.00782504
 H     1.0    3.32895867    0.00000026    4.06007432    1.00782504
 H     1.0   -1.40453899   -0.00000016    4.08886023    1.00782504
 H     1.0   -5.30347694    0.00000229   -2.53810456    1.00782504
 N     6.0   -1.69367300   -0.00000029    0.06216378   12.00000000
 C     6.0   -0.40044754   -0.00000024   -2.24217564   12.00000000
 C     6.0    2.22516194   -0.00000001   -2.27010962   12.00000000
 C     6.0    3.57742697    0.00000018    0.00097909   12.00000000
 C     6.0    2.28845675    0.00000011    2.29375662   12.00000000
 C     6.0   -0.34839446   -0.00000012    2.33347993   12.00000000
 O     8.0   -4.22686000   -0.00000051    0.16404121   15.99491464
 H     1.0   -1.47097235   -0.00000037   -3.99564205    1.00782504
 H     1.0    3.22696739    0.00000003   -4.06212240    1.00782504
 H     1.0    5.62904261    0.00000038   -0.02749235    1.00782504
 H     1.0    3.33470883    0.00000025    4.06032941    1.00782504
 H     1.0   -1.40089932   -0.00000017    4.09316762    1.00782504
 H     1.0   -5.33940452    0.00000238   -2.62433063    1.00782504
 N     6.0   -1.69105691   -0.00000030    0.07250588   12.00000000
 C     6.0   -0.40480832   -0.00000025   -2.23484509   12.00000000
 C     6.0    2.22163206   -0.00000001   -2.26995417   12.00000000
 C     6.0    3.57637021    0.00000019   -0.00026020   12.00000000
 C     6.0    2.29436463    0.00000011    2.29748441   12.00000000
 C     6.0   -0.34258054   -0.00000013    2.34122253   12.00000000
 O     8.0   -4.21901712   -0.00000053    0.17493383   15.99491464
 H     1.0   -1.48315634   -0.00000038   -3.98318036    1.00782504
 H     1.0    3.22135452    0.00000003   -4.06310305    1.00782504
 H     1.0    5.62804349    0.00000039   -0.03295564    1.00782504
 H     1.0    3.34615310    0.00000023    4.06072985    1.00782504
 H     1.0   -1.39366238   -0.00000018    4.10174275    1.00782504
 H     1.0   -5.41196907    0.00000255   -2.79652679    1.00782504
 N     6.0   -1.68849511   -0.00000032    0.08281756   12.00000000
 C     6.0   -0.40925279   -0.00000026   -2.22753651   12.00000000
 C     6.0    2.21799849    0.00000000   -2.26984950   12.00000000
 C     6.0    3.57522974    0.00000018   -0.00156578   12.00000000
 C     6.0    2.30022918    0.00000012    2.30113687   12.00000000
 C     6.0   -0.33680337   -0.00000014    2.34891694   12.00000000
 O     8.0   -4.21122739   -0.00000053    0.18581775   15.99491464
 H     1.0   -1.49541604   -0.00000042   -3.97069542    1.00782504
 H     1.0    3.21561996    0.00000008   -4.06414135    1.00782504
 H     1.0    5.62695160    0.00000037   -0.03850496    1.00782504
 H     1.0    3.35756073    0.00000028    4.06102726    1.00782504
 H     1.0   -1.38644390   -0.00000020    4.11027906    1.00782504
 H     1.0   -5.48540394    0.00000274   -2.96838781    1.00782504
 N     6.0   -1.68597543   -0.00000033    0.09310406   12.00000000
 C     6.0   -0.41377026   -0.00000026   -2.22024523   12.00000000
 C     6.0    2.21427168    0.00000000   -2.26979248   12.00000000
 C     6.0    3.57401734    0.00000019   -0.00293540   12.00000000
 C     6.0    2.30606364    0.00000012    2.30471675   12.00000000
 C     6.0   -0.33104950   -0.00000015    2.35656749   12.00000000
 O     8.0   -4.20347860   -0.00000055    0.19669962   15.99491464
 H     1.0   -1.50774155   -0.00000043   -3.95818179    1.00782504
 H     1.0    3.20977310    0.00000006   -4.06523468    1.00782504
 H     1.0    5.62577859    0.00000038   -0.04413924    1.00782504
 H     1.0    3.36894581    0.00000028    4.06122361    1.00782504
 H     1.0   -1.37922937   -0.00000021    4.11878142    1.00782504
 H     1.0   -5.55970328    0.00000292   -3.13990128    1.00782504
 N     6.0   -1.68348821   -0.00000034    0.10336921   12.00000000
 C     6.0   -0.41835194   -0.00000027   -2.21296766   12.00000000
 C     6.0    2.21046015    0.00000000   -2.26978049   12.00000000
 C     6.0    3.57274232    0.00000019   -0.00436703   12.00000000
 C     6.0    2.31187831    0.00000012    2.30822626   12.00000000
 C     6.0   -0.32530853   -0.00000015    2.36417735   12.00000000
 O     8.0   -4.19576100   -0.00000056    0.20758404   15.99491464
 H     1.0   -1.52012440   -0.00000042   -3.94563536    1.00782504
 H     1.0    3.20382171    0.00000007   -4.06638077    1.00782504
 H     1.0    5.62453362    0.00000039   -0.04985727    1.00782504
 H     1.0    3.38031915    0.00000028    4.06132057    1.00782504
 H     1.0   -1.37200768   -0.00000024    4.12725341    1.00782504
 H     1.0   -5.63486331    0.00000309   -3.31105688    1.00782504
 N     6.0   -1.67858131   -0.00000035    0.12384568   12.00000000
 C     6.0   -0.42767995   -0.00000027   -2.19844336   12.00000000
 C     6.0    2.20260994    0.00000000   -2.26988316   12.00000000
 C     6.0    3.57003297    0.00000019   -0.00740922   12.00000000
 C     6.0    2.32347888    0.00000012    2.31504109   12.00000000
 C     6.0   -0.31383406   -0.00000016    2.37928397   12.00000000
 O     8.0   -4.18038945   -0.00000061    0.22937195   15.99491464
 H     1.0   -1.54503415   -0.00000042   -3.92043248    1.00782504
 H     1.0    3.19163093    0.00000006   -4.06882315    1.00782504
 H     1.0    5.62185576    0.00000040   -0.06153881    1.00782504
 H     1.0    3.40306192    0.00000028    4.06122188    1.00782504
 H     1.0   -1.35751017   -0.00000023    4.14411570    1.00782504
 H     1.0   -5.78775779    0.00000339   -3.65226066    1.00782504
 N     6.0   -1.67372696   -0.00000037    0.14426072   12.00000000
 C     6.0   -0.43719073   -0.00000027   -2.18394843   12.00000000
 C     6.0    2.19449188    0.00000001   -2.27014322   12.00000000
 C     6.0    3.56714641    0.00000019   -0.01067938   12.00000000
 C     6.0    2.33507740    0.00000012    2.32159251   12.00000000
 C     6.0   -0.30233224   -0.00000017    2.39424915   12.00000000
 O     8.0   -4.16506509   -0.00000063    0.25119497   15.99491464
 H     1.0   -1.57009735   -0.00000043   -3.89507003    1.00782504
 H     1.0    3.17909052    0.00000011   -4.07145415    1.00782504
 H     1.0    5.61896163    0.00000039   -0.07353745    1.00782504
 H     1.0    3.42583500    0.00000027    4.06074062    1.00782504
 H     1.0   -1.34290256   -0.00000024    4.16087836    1.00782504
 H     1.0   -5.94408067    0.00000376   -3.99194167    1.00782504
