 N      6.    1.70414081   -0.06131925    0.00000000   12.00000000
 C      6.    0.38671500    0.00094031   -2.28343236   12.00000000
 C      6.   -2.25336552    0.00894567   -2.28241930   12.00000000
 C      6.   -3.58237383    0.00868158    0.00000000   12.00000000
 C      6.   -2.25336552    0.00894567    2.28241930   12.00000000
 C      6.    0.38671500    0.00094031    2.28343236   12.00000000
 O      8.    4.28900921    0.15282054    0.00000000   15.99491464
 H      1.    1.43947328    0.02854350   -4.03397700    1.00782504
 H      1.   -3.26477907    0.02118000   -4.05822936    1.00782504
 H      1.   -5.62550712    0.02438672   -0.00000000    1.00782504
 H      1.   -3.26477907    0.02118000    4.05822936    1.00782504
 H      1.    1.43947328    0.02854350    4.03397700    1.00782504
 H      1.    4.98957757   -1.53995703   -0.00000000    1.00782504
 N     6.0    1.70366280   -0.06130909    0.00000000   12.00000000
 C     6.0    0.38690447    0.00091681   -2.28227527   12.00000000
 C     6.0   -2.25317642    0.00894747   -2.28241930   12.00000000
 C     6.0   -3.58218473    0.00869501    0.00000000   12.00000000
 C     6.0   -2.25317642    0.00894747    2.28241930   12.00000000
 C     6.0    0.38690447    0.00091681    2.28227527   12.00000000
 O     8.0    4.28853085    0.15283484    0.00000000   15.99491464
 H     1.0    1.44004647    0.02851464   -4.03258922    1.00782504
 H     1.0   -3.26420071    0.02118989   -4.05845101    1.00782504
 H     1.0   -5.62531788    0.02441804    0.00000000    1.00782504
 H     1.0   -3.26420071    0.02118989    4.05845101    1.00782504
 H     1.0    1.44004647    0.02851464    4.03258922    1.00782504
 H     1.0    4.98910192   -1.53994161    0.00000000    1.00782504
 N     6.0    1.70358631   -0.06131824    0.00000000   12.00000000
 C     6.0    0.38616052    0.00094184   -2.28343236   12.00000000
 C     6.0   -2.25258376    0.00894415   -2.28241930   12.00000000
 C     6.0   -3.58159207    0.00868057    0.00000000   12.00000000
 C     6.0   -2.25258376    0.00894415    2.28241930   12.00000000
 C     6.0    0.38616052    0.00094184    2.28343236   12.00000000
 O     8.0    4.28845479    0.15282055    0.00000000   15.99491464
 H     1.0    1.43891864    0.02854462   -4.03397710    1.00782504
 H     1.0   -3.26399748    0.02117887   -4.05822926    1.00782504
 H     1.0   -5.62472535    0.02438650    0.00000000    1.00782504
 H     1.0   -3.26399748    0.02117887    4.05822926    1.00782504
 H     1.0    1.43891864    0.02854462    4.03397710    1.00782504
 H     1.0    4.98902250   -1.53995729    0.00000000    1.00782504
 N     6.0    1.70406380   -0.06131498    0.00000000   12.00000000
 C     6.0    0.38663835    0.00095226   -2.28343236   12.00000000
 C     6.0   -2.25344177    0.00894354   -2.28126456   12.00000000
 C     6.0   -3.58177769    0.00867359    0.00000000   12.00000000
 C     6.0   -2.25344177    0.00894354    2.28126456   12.00000000
 C     6.0    0.38663835    0.00095226    2.28343236   12.00000000
 O     8.0    4.28893345    0.15280976    0.00000000   15.99491464
 H     1.0    1.43901381    0.02855635   -4.03420721    1.00782504
 H     1.0   -3.26524373    0.02117407   -4.05685342    1.00782504
 H     1.0   -5.62491105    0.02436951    0.00000000    1.00782504
 H     1.0   -3.26524373    0.02117407    4.05685342    1.00782504
 H     1.0    1.43901381    0.02855635    4.03420721    1.00782504
 H     1.0    4.98949195   -1.53997189    0.00000000    1.00782504
 N     6.0    1.70448229   -0.06126575    0.00000000   12.00000000
 C     6.0    0.38705558    0.00097462   -2.28343236   12.00000000
 C     6.0   -2.25302506    0.00894153   -2.28241930   12.00000000
 C     6.0   -3.58203336    0.00865809    0.00000000   12.00000000
 C     6.0   -2.25302506    0.00894153    2.28241930   12.00000000
 C     6.0    0.38705558    0.00097462    2.28343236   12.00000000
 O     8.0    4.28746430    0.15275567    0.00000000   15.99491464
 H     1.0    1.43981346    0.02859314   -4.03397700    1.00782504
 H     1.0   -3.26443879    0.02116114   -4.05822936    1.00782504
 H     1.0   -5.62516688    0.02433348    0.00000000    1.00782504
 H     1.0   -3.26443879    0.02116114    4.05822936    1.00782504
 H     1.0    1.43981346    0.02859314    4.03397700    1.00782504
 H     1.0    4.98805731   -1.54001170    0.00000000    1.00782504
 N     6.0    1.70415557   -0.06131881    0.00000000   12.00000000
 C     6.0    0.38672976    0.00094071   -2.28343236   12.00000000
 C     6.0   -2.25335076    0.00894598   -2.28241930   12.00000000
 C     6.0   -3.58235907    0.00868185    0.00000000   12.00000000
 C     6.0   -2.25335076    0.00894598    2.28241930   12.00000000
 C     6.0    0.38672976    0.00094071    2.28343236   12.00000000
 O     8.0    4.28902396    0.15282107    0.00000000   15.99491464
 H     1.0    1.43879944    0.02852588   -4.03283199    1.00782504
 H     1.0   -3.26476431    0.02118028   -4.05822936    1.00782504
 H     1.0   -5.62549236    0.02438692    0.00000000    1.00782504
 H     1.0   -3.26476431    0.02118028    4.05822936    1.00782504
 H     1.0    1.43879944    0.02852588    4.03283199    1.00782504
 H     1.0    4.98959238   -1.53995648    0.00000000    1.00782504
 N     6.0    1.70412663   -0.06131916    0.00000000   12.00000000
 C     6.0    0.38670083    0.00094046   -2.28343236   12.00000000
 C     6.0   -2.25337969    0.00894595   -2.28241930   12.00000000
 C     6.0   -3.58238800    0.00868192    0.00000000   12.00000000
 C     6.0   -2.25337969    0.00894595    2.28241930   12.00000000
 C     6.0    0.38670083    0.00094046    2.28343236   12.00000000
 O     8.0    4.28899504    0.15282051    0.00000000   15.99491464
 H     1.0    1.43945911    0.02854360   -4.03397700    1.00782504
 H     1.0   -3.26413194    0.02117232   -4.05706826    1.00782504
 H     1.0   -5.62552129    0.02438716    0.00000000    1.00782504
 H     1.0   -3.26413194    0.02117232    4.05706826    1.00782504
 H     1.0    1.43945911    0.02854360    4.03397700    1.00782504
 H     1.0    4.98956332   -1.53995710    0.00000000    1.00782504
 N     6.0    1.70412055   -0.06131921    0.00000000   12.00000000
 C     6.0    0.38669475    0.00094044   -2.28343236   12.00000000
 C     6.0   -2.25338577    0.00894598   -2.28241930   12.00000000
 C     6.0   -3.58239408    0.00868198    0.00000000   12.00000000
 C     6.0   -2.25338577    0.00894598    2.28241930   12.00000000
 C     6.0    0.38669475    0.00094044    2.28343236   12.00000000
 O     8.0    4.28898897    0.15282040    0.00000000   15.99491464
 H     1.0    1.43945303    0.02854355   -4.03397700    1.00782504
 H     1.0   -3.26479932    0.02118038   -4.05822936    1.00782504
 H     1.0   -5.62363770    0.02437274    0.00000000    1.00782504
 H     1.0   -3.26479932    0.02118038    4.05822936    1.00782504
 H     1.0    1.43945303    0.02854355    4.03397700    1.00782504
 H     1.0    4.98955721   -1.53995722    0.00000000    1.00782504
 N     6.0    1.70414780   -0.06135726    0.00000000   12.00000000
 C     6.0    0.38672268    0.00091694   -2.28343236   12.00000000
 C     6.0   -2.25335775    0.00895164   -2.28241930   12.00000000
 C     6.0   -3.58236606    0.00870232    0.00000000   12.00000000
 C     6.0   -2.25335775    0.00895164    2.28241930   12.00000000
 C     6.0    0.38672268    0.00091694    2.28343236   12.00000000
 O     8.0    4.28901858    0.15275380    0.00000000   15.99491464
 H     1.0    1.43948127    0.02850843   -4.03397700    1.00782504
 H     1.0   -3.26477116    0.02119721   -4.05822936    1.00782504
 H     1.0   -5.62549918    0.02443016    0.00000000    1.00782504
 H     1.0   -3.26477116    0.02119721    4.05822936    1.00782504
 H     1.0    1.43948127    0.02850843    4.03397700    1.00782504
 H     1.0    4.98884549   -1.53828545    0.00000000    1.00782504
 N     6.0    1.70493067   -0.06135235    0.00000000   12.00000000
 C     6.0    0.38636334    0.00093838   -2.28277291   12.00000000
 C     6.0   -2.25371742    0.00894863   -2.28241930   12.00000000
 C     6.0   -3.58272573    0.00868639    0.00000000   12.00000000
 C     6.0   -2.25371742    0.00894863    2.28241930   12.00000000
 C     6.0    0.38636334    0.00093838    2.28277291   12.00000000
 O     8.0    4.28979537    0.15283203    0.00000000   15.99491464
 H     1.0    1.43890294    0.02858899   -4.03344831    1.00782504
 H     1.0   -3.26490917    0.02118393   -4.05835568    1.00782504
 H     1.0   -5.62585900    0.02439436    0.00000000    1.00782504
 H     1.0   -3.26490917    0.02118393    4.05835568    1.00782504
 H     1.0    1.43890294    0.02858899    4.03344831    1.00782504
 H     1.0    4.99039294   -1.53993345    0.00000000    1.00782504
 N     6.0    1.70429835   -0.06131694    0.00000000   12.00000000
 C     6.0    0.38687275    0.00094700   -2.28343236   12.00000000
 C     6.0   -2.25320754    0.00894419   -2.28175480   12.00000000
 C     6.0   -3.58335706    0.00867764    0.00000000   12.00000000
 C     6.0   -2.25320754    0.00894419    2.28175480   12.00000000
 C     6.0    0.38687275    0.00094700    2.28343236   12.00000000
 O     8.0    4.28916746    0.15281425    0.00000000   15.99491464
 H     1.0    1.43941073    0.02855074   -4.03410948    1.00782504
 H     1.0   -3.26440065    0.02117831   -4.05769041    1.00782504
 H     1.0   -5.62649038    0.02437935    0.00000000    1.00782504
 H     1.0   -3.26440065    0.02117831    4.05769041    1.00782504
 H     1.0    1.43941073    0.02855074    4.03410948    1.00782504
 H     1.0    4.98973019   -1.53996565    0.00000000    1.00782504
 N     6.0    1.70412206   -0.06131869    0.00000000   12.00000000
 C     6.0    0.38669624    0.00094071   -2.28343236   12.00000000
 C     6.0   -2.25338428    0.00894574   -2.28241930   12.00000000
 C     6.0   -3.58239259    0.00868148    0.00000000   12.00000000
 C     6.0   -2.25338428    0.00894574    2.28241930   12.00000000
 C     6.0    0.38669624    0.00094071    2.28343236   12.00000000
 O     8.0    4.28899043    0.15282142    0.00000000   15.99491464
 H     1.0    1.44032988    0.02852794   -4.03345082    1.00782504
 H     1.0   -3.26479783    0.02117994   -4.05822936    1.00782504
 H     1.0   -5.62552588    0.02438637    0.00000000    1.00782504
 H     1.0   -3.26479783    0.02117994    4.05822936    1.00782504
 H     1.0    1.44032988    0.02852794    4.03345082    1.00782504
 H     1.0    4.98955900   -1.53995606    0.00000000    1.00782504
 N     6.0    1.70412178   -0.06131918    0.00000000   12.00000000
 C     6.0    0.38669597    0.00094036   -2.28343236   12.00000000
 C     6.0   -2.25338455    0.00894566   -2.28241930   12.00000000
 C     6.0   -3.58239286    0.00868154    0.00000000   12.00000000
 C     6.0   -2.25338455    0.00894566    2.28241930   12.00000000
 C     6.0    0.38669597    0.00094036    2.28343236   12.00000000
 O     8.0    4.28899018    0.15282067    0.00000000   15.99491464
 H     1.0    1.43945425    0.02854357   -4.03397700    1.00782504
 H     1.0   -3.26391019    0.02117823   -4.05873508    1.00782504
 H     1.0   -5.62552615    0.02438664    0.00000000    1.00782504
 H     1.0   -3.26391019    0.02117823    4.05873508    1.00782504
 H     1.0    1.43945425    0.02854357    4.03397700    1.00782504
 H     1.0    4.98955857   -1.53995689    0.00000000    1.00782504
 N     6.0    1.70415956   -0.06129626    0.00000000   12.00000000
 C     6.0    0.38673319    0.00095155   -2.28343236   12.00000000
 C     6.0   -2.25334740    0.00893338   -2.28241930   12.00000000
 C     6.0   -3.58235571    0.00865745    0.00000000   12.00000000
 C     6.0   -2.25334740    0.00893338    2.28241930   12.00000000
 C     6.0    0.38673319    0.00095155    2.28343236   12.00000000
 O     8.0    4.28902605    0.15286656    0.00000000   15.99491464
 H     1.0    1.43949123    0.02856413   -4.03397700    1.00782504
 H     1.0   -3.26476106    0.02115870   -4.05822936    1.00782504
 H     1.0   -5.62548914    0.02434438    0.00000000    1.00782504
 H     1.0   -3.26476106    0.02115870    4.05822936    1.00782504
 H     1.0    1.43949123    0.02856413    4.03397700    1.00782504
 H     1.0    4.98791672   -1.54060533    0.00000000    1.00782504
 N     6.0    1.70414081   -0.06131925   -0.00065305   12.00000000
 C     6.0    0.38728327    0.00093231   -2.28287038   12.00000000
 C     6.0   -2.25279732    0.00895053   -2.28212836   12.00000000
 C     6.0   -3.58237383    0.00868158   -0.00003991   12.00000000
 C     6.0   -2.25393372    0.00894081    2.28271024   12.00000000
 C     6.0    0.38614673    0.00094831    2.28399434   12.00000000
 O     8.0    4.28900921    0.15282054   -0.00076327   15.99491464
 H     1.0    1.44009342    0.02854884   -4.03338361    1.00782504
 H     1.0   -3.26389859    0.02119942   -4.05811617    1.00782504
 H     1.0   -5.62550712    0.02438672   -0.00054851    1.00782504
 H     1.0   -3.26565955    0.02116058    4.05834255    1.00782504
 H     1.0    1.43885314    0.02853816    4.03457039    1.00782504
 H     1.0    4.98957757   -1.53995703   -0.00081120    1.00782504
 N     6.0    1.70414081   -0.06131925    0.00006173   12.00000000
 C     6.0    0.38620781    0.00094047   -2.28307800   12.00000000
 C     6.0   -2.25253654    0.00894784   -2.28225173   12.00000000
 C     6.0   -3.58237383    0.00868158   -0.00031513   12.00000000
 C     6.0   -2.25419450    0.00894350    2.28258687   12.00000000
 C     6.0    0.38722219    0.00094015    2.28378672   12.00000000
 O     8.0    4.28900921    0.15282054   -0.00051241   15.99491464
 H     1.0    1.43883352    0.02854974   -4.03370227    1.00782504
 H     1.0   -3.26356491    0.02119020   -4.05828112    1.00782504
 H     1.0   -5.62550712    0.02438672   -0.00105719    1.00782504
 H     1.0   -3.26599323    0.02116980    4.05817760    1.00782504
 H     1.0    1.44011304    0.02853726    4.03425173    1.00782504
 H     1.0    4.98957757   -1.53995703   -0.00066814    1.00782504
 N     6.0    1.70414081   -0.06131925   -0.00016769   12.00000000
 C     6.0    0.38700046    0.00094049   -2.28376474   12.00000000
 C     6.0   -2.25308005    0.00894352   -2.28269290   12.00000000
 C     6.0   -3.58237383    0.00868158    0.00110643   12.00000000
 C     6.0   -2.25365099    0.00894782    2.28214570   12.00000000
 C     6.0    0.38642954    0.00094013    2.28309998   12.00000000
 O     8.0    4.28900921    0.15282054    0.00015547   15.99491464
 H     1.0    1.43984863    0.02854026   -4.03425537    1.00782504
 H     1.0   -3.26466390    0.02117345   -4.05840600    1.00782504
 H     1.0   -5.62550712    0.02438672    0.00145276    1.00782504
 H     1.0   -3.26489424    0.02118655    4.05805272    1.00782504
 H     1.0    1.43909793    0.02854674    4.03369863    1.00782504
 H     1.0    4.98957757   -1.53995703    0.00024292    1.00782504
 N     6.0    1.70414081   -0.06131925   -0.00002077   12.00000000
 C     6.0    0.38671999    0.00094099   -2.28345599   12.00000000
 C     6.0   -2.25336053    0.00894635   -2.28244870   12.00000000
 C     6.0   -3.58237383    0.00868158   -0.00003230   12.00000000
 C     6.0   -2.25337051    0.00894499    2.28238990   12.00000000
 C     6.0    0.38671001    0.00093963    2.28340873   12.00000000
 O     8.0    4.28900921    0.15282054   -0.00001505   15.99491464
 H     1.0    1.43879350    0.02852665   -4.03285331    1.00782504
 H     1.0   -3.26477020    0.02118121   -4.05826096    1.00782504
 H     1.0   -5.62550712    0.02438672   -0.00003676    1.00782504
 H     1.0   -3.26478794    0.02117879    4.05819776    1.00782504
 H     1.0    1.44015306    0.02856035    4.03510069    1.00782504
 H     1.0    4.98957757   -1.53995703   -0.00001403    1.00782504
 N     6.0    1.70414081   -0.06131925   -0.00002118   12.00000000
 C     6.0    0.38671989    0.00094053   -2.28345635   12.00000000
 C     6.0   -2.25336064    0.00894589   -2.28244894   12.00000000
 C     6.0   -3.58237383    0.00868158   -0.00003248   12.00000000
 C     6.0   -2.25337040    0.00894545    2.28238966   12.00000000
 C     6.0    0.38671011    0.00094009    2.28340837   12.00000000
 O     8.0    4.28900921    0.15282054   -0.00001563   15.99491464
 H     1.0    1.43948191    0.02854388   -4.03399873    1.00782504
 H     1.0   -3.26410908    0.02117239   -4.05710006    1.00782504
 H     1.0   -5.62550712    0.02438672   -0.00003685    1.00782504
 H     1.0   -3.26544906    0.02118761    4.05935866    1.00782504
 H     1.0    1.43946465    0.02854312    4.03395527    1.00782504
 H     1.0    4.98957757   -1.53995703   -0.00001429    1.00782504
 N     6.0    1.70414081   -0.06131925   -0.00057425   12.00000000
 C     6.0    0.38640176    0.00093433   -2.28382605   12.00000000
 C     6.0   -2.25367862    0.00893969   -2.28245085   12.00000000
 C     6.0   -3.58237383    0.00868158    0.00015076   12.00000000
 C     6.0   -2.25305242    0.00895165    2.28238775   12.00000000
 C     6.0    0.38702824    0.00094629    2.28303867   12.00000000
 O     8.0    4.28900921    0.15282054    0.00090977   15.99491464
 H     1.0    1.43891991    0.02853293   -4.03451518    1.00782504
 H     1.0   -3.26533577    0.02116937   -4.05812220    1.00782504
 H     1.0   -5.62550712    0.02438672    0.00043099    1.00782504
 H     1.0   -3.26422237    0.02119063    4.05833652    1.00782504
 H     1.0    1.44002665    0.02855407    4.03343882    1.00782504
 H     1.0    4.98957757   -1.53995703    0.00116135    1.00782504
 N     6.0    1.70414081   -0.06131925   -0.00002627   12.00000000
 C     6.0    0.38669532    0.00094111   -2.28344725   12.00000000
 C     6.0   -2.25338519    0.00894647   -2.28241144   12.00000000
 C     6.0   -3.58237383    0.00868158    0.00001931   12.00000000
 C     6.0   -2.25334585    0.00894487    2.28242716   12.00000000
 C     6.0    0.38673468    0.00093951    2.28341747   12.00000000
 O     8.0    4.28900921    0.15282054   -0.00004846   15.99491464
 H     1.0    1.44031388    0.02852882   -4.03347477    1.00782504
 H     1.0   -3.26481404    0.02118142   -4.05821278    1.00782504
 H     1.0   -5.62550712    0.02438672    0.00003692    1.00782504
 H     1.0   -3.26474410    0.02117858    4.05824594    1.00782504
 H     1.0    1.43863268    0.02855818    4.03447923    1.00782504
 H     1.0    4.98957757   -1.53995703   -0.00005509    1.00782504
 N     6.0    1.70414081   -0.06131925   -0.00000737   12.00000000
 C     6.0    0.38669106    0.00094055   -2.28342592   12.00000000
 C     6.0   -2.25338944    0.00894591   -2.28238518   12.00000000
 C     6.0   -3.58237383    0.00868158    0.00004805   12.00000000
 C     6.0   -2.25334160    0.00894543    2.28245342   12.00000000
 C     6.0    0.38673894    0.00094007    2.28343880   12.00000000
 O     8.0    4.28900921    0.15282054   -0.00003444   15.99491464
 H     1.0    1.43943100    0.02854393   -4.03398159    1.00782504
 H     1.0   -3.26393369    0.02117869   -4.05869036    1.00782504
 H     1.0   -5.62550712    0.02438672    0.00006947    1.00782504
 H     1.0   -3.26562445    0.02118131    4.05776836    1.00782504
 H     1.0    1.43951556    0.02854307    4.03397241    1.00782504
 H     1.0    4.98957757   -1.53995703   -0.00004197    1.00782504
 N     6.0    1.70414081   -0.06131925    0.00000144   12.00000000
 C     6.0    0.38669654    0.00094052   -2.28342027   12.00000000
 C     6.0   -2.25338397    0.00894588   -2.28238586   12.00000000
 C     6.0   -3.58237383    0.00868158    0.00004419   12.00000000
 C     6.0   -2.25334707    0.00894546    2.28245274   12.00000000
 C     6.0    0.38673346    0.00094010    2.28344445   12.00000000
 O     8.0    4.28900921    0.15282054   -0.00001944   15.99491464
 H     1.0    1.43944066    0.02854387   -4.03397342    1.00782504
 H     1.0   -3.26481188    0.02118038   -4.05818774    1.00782504
 H     1.0   -5.62550712    0.02438672   -0.00138407    1.00782504
 H     1.0   -3.26474626    0.02117962    4.05827098    1.00782504
 H     1.0    1.43950590    0.02854313    4.03398058    1.00782504
 H     1.0    4.98957757   -1.53995703   -0.00002527    1.00782504
 N     6.0    1.70414081   -0.06131925   -0.00028517   12.00000000
 C     6.0    0.38705998    0.00094549   -2.28391643   12.00000000
 C     6.0   -2.25302022    0.00893884   -2.28198241   12.00000000
 C     6.0   -3.58237383    0.00868158    0.00023583   12.00000000
 C     6.0   -2.25371082    0.00895250    2.28285619   12.00000000
 C     6.0    0.38637002    0.00093513    2.28294829   12.00000000
 O     8.0    4.28900921    0.15282054    0.00010584   15.99491464
 H     1.0    1.43964503    0.02854379   -4.03456533    1.00782504
 H     1.0   -3.26460923    0.02116133   -4.05769262    1.00782504
 H     1.0   -5.62550712    0.02438672   -0.00007332    1.00782504
 H     1.0   -3.26494891    0.02119867    4.05876610    1.00782504
 H     1.0    1.43930153    0.02854321    4.03338867    1.00782504
 H     1.0    4.98957757   -1.53995703    0.00020784    1.00782504
 N     6.0    1.70414487   -0.06132607    0.00000000   12.00000000
 C     6.0    0.38671528    0.00085360   -2.28343236   12.00000000
 C     6.0   -2.25336572    0.00869885   -2.28241930   12.00000000
 C     6.0   -3.58237418    0.00916609    0.00000000   12.00000000
 C     6.0   -2.25336572    0.00869885    2.28241930   12.00000000
 C     6.0    0.38671528    0.00085360    2.28343236   12.00000000
 O     8.0    4.28900028    0.15297049    0.00000000   15.99491464
 H     1.0    1.43947189    0.02852063   -4.03397700    1.00782504
 H     1.0   -3.26478091    0.02023985   -4.05823320    1.00782504
 H     1.0   -5.62549883    0.02599553    0.00000000    1.00782504
 H     1.0   -3.26478091    0.02023985    4.05823320    1.00782504
 H     1.0    1.43947189    0.02852063    4.03397700    1.00782504
 H     1.0    4.98967130   -1.53976460    0.00000000    1.00782504
 N     6.0    1.70412070   -0.06110859    0.00000000   12.00000000
 C     6.0    0.38671543    0.00158566   -2.28343236   12.00000000
 C     6.0   -2.25336735    0.00884417   -2.28241930   12.00000000
 C     6.0   -3.58237559    0.00820412    0.00000000   12.00000000
 C     6.0   -2.25336735    0.00884417    2.28241930   12.00000000
 C     6.0    0.38671543    0.00158566    2.28343236   12.00000000
 O     8.0    4.28905976    0.15217831    0.00000000   15.99491464
 H     1.0    1.43948146    0.03010477   -4.03395790    1.00782504
 H     1.0   -3.26478436    0.02079238   -4.05822936    1.00782504
 H     1.0   -5.62551332    0.02333128    0.00000000    1.00782504
 H     1.0   -3.26478436    0.02079238    4.05822936    1.00782504
 H     1.0    1.43948146    0.03010477    4.03395790    1.00782504
 H     1.0    4.98906958   -1.54083041    0.00000000    1.00782504
 N     6.0    1.70414199   -0.06228991    0.00000000   12.00000000
 C     6.0    0.38673395    0.00034577   -2.28343236   12.00000000
 C     6.0   -2.25334428    0.00910487   -2.28241930   12.00000000
 C     6.0   -3.58235267    0.00922021    0.00000000   12.00000000
 C     6.0   -2.25334428    0.00910487    2.28241930   12.00000000
 C     6.0    0.38673395    0.00034577    2.28343236   12.00000000
 O     8.0    4.28885738    0.15369678    0.00000000   15.99491464
 H     1.0    1.43950011    0.02764840   -4.03397700    1.00782504
 H     1.0   -3.26475434    0.02162796   -4.05822936    1.00782504
 H     1.0   -5.62548147    0.02550866    0.00000000    1.00782504
 H     1.0   -3.26475434    0.02162796    4.05822936    1.00782504
 H     1.0    1.43950011    0.02764840    4.03397700    1.00782504
 H     1.0    4.99063524   -1.53858024    0.00000000    1.00782504
 N     6.0    1.70414176   -0.06131232    0.00000000   12.00000000
 C     6.0    0.38671492    0.00092537   -2.28343236   12.00000000
 C     6.0   -2.25336574    0.00888691   -2.28241930   12.00000000
 C     6.0   -3.58237404    0.00860077    0.00000000   12.00000000
 C     6.0   -2.25336574    0.00888691    2.28241930   12.00000000
 C     6.0    0.38671492    0.00092537    2.28343236   12.00000000
 O     8.0    4.28900660    0.15287037    0.00000000   15.99491464
 H     1.0    1.43947274    0.02854604   -4.03397700    1.00782504
 H     1.0   -3.26477949    0.02110446   -4.05822936    1.00782504
 H     1.0   -5.62549090    0.02631512    0.00000000    1.00782504
 H     1.0   -3.26477949    0.02110446    4.05822936    1.00782504
 H     1.0    1.43947274    0.02854604    4.03397700    1.00782504
 H     1.0    4.98960306   -1.53989557    0.00000000    1.00782504
 N     6.0    1.70414019   -0.06136093    0.00000000   12.00000000
 C     6.0    0.38671477    0.00090677   -2.28343236   12.00000000
 C     6.0   -2.25336570    0.00892843   -2.28241930   12.00000000
 C     6.0   -3.58237402    0.00867254    0.00000000   12.00000000
 C     6.0   -2.25336570    0.00892843    2.28241930   12.00000000
 C     6.0    0.38671477    0.00090677    2.28343236   12.00000000
 O     8.0    4.28900991    0.15276290    0.00000000   15.99491464
 H     1.0    1.43948246    0.02994770   -4.03394867    1.00782504
 H     1.0   -3.26477918    0.02116900   -4.05822936    1.00782504
 H     1.0   -5.62550721    0.02439030    0.00000000    1.00782504
 H     1.0   -3.26477918    0.02116900    4.05822936    1.00782504
 H     1.0    1.43948246    0.02994770    4.03394867    1.00782504
 H     1.0    4.98956782   -1.54001900    0.00000000    1.00782504
 N     6.0    1.70414003   -0.06131184    0.00000000   12.00000000
 C     6.0    0.38671506    0.00096559   -2.28343236   12.00000000
 C     6.0   -2.25336535    0.00900678   -2.28241930   12.00000000
 C     6.0   -3.58237366    0.00876072    0.00000000   12.00000000
 C     6.0   -2.25336535    0.00900678    2.28241930   12.00000000
 C     6.0    0.38671506    0.00096559    2.28343236   12.00000000
 O     8.0    4.28901133    0.15279288    0.00000000   15.99491464
 H     1.0    1.43947372    0.02855450   -4.03397700    1.00782504
 H     1.0   -3.26478518    0.01980976   -4.05823565    1.00782504
 H     1.0   -5.62550674    0.02449358    0.00000000    1.00782504
 H     1.0   -3.26478518    0.01980976    4.05823565    1.00782504
 H     1.0    1.43947372    0.02855450    4.03397700    1.00782504
 H     1.0    4.98955672   -1.53999420    0.00000000    1.00782504
 N     6.0    1.70414081   -0.06131925    0.00000782   12.00000000
 C     6.0    0.38671713    0.00061356   -2.28343468   12.00000000
 C     6.0   -2.25336139    0.00927755   -2.28241621   12.00000000
 C     6.0   -3.58237383    0.00868158    0.00000064   12.00000000
 C     6.0   -2.25336965    0.00861379    2.28242239   12.00000000
 C     6.0    0.38671287    0.00126706    2.28343004   12.00000000
 O     8.0    4.28900921    0.15282054   -0.00002040   15.99491464
 H     1.0    1.43947461    0.02745200   -4.03399186    1.00782504
 H     1.0   -3.26477134    0.02228061   -4.05822303    1.00782504
 H     1.0   -5.62550712    0.02438672   -0.00000077    1.00782504
 H     1.0   -3.26478680    0.02007939    4.05823569    1.00782504
 H     1.0    1.43947195    0.02963500    4.03396214    1.00782504
 H     1.0    4.98957757   -1.53995703    0.00022248    1.00782504
 N     6.0    1.70414081   -0.06131925    0.00000165   12.00000000
 C     6.0    0.38671468    0.00085623   -2.28343282   12.00000000
 C     6.0   -2.25336584    0.00886163   -2.28241968   12.00000000
 C     6.0   -3.58237383    0.00868158   -0.00000018   12.00000000
 C     6.0   -2.25336520    0.00902971    2.28241892   12.00000000
 C     6.0    0.38671532    0.00102439    2.28343190   12.00000000
 O     8.0    4.28900921    0.15282054   -0.00000660   15.99491464
 H     1.0    1.43948195    0.02983922   -4.03395029    1.00782504
 H     1.0   -3.26477964    0.02103058   -4.05823005    1.00782504
 H     1.0   -5.62550712    0.02438672   -0.00000047    1.00782504
 H     1.0   -3.26477850    0.02132942    4.05822867    1.00782504
 H     1.0    1.43946461    0.02724778    4.03400371    1.00782504
 H     1.0    4.98957757   -1.53995703    0.00005563    1.00782504
 N     6.0    1.70414081   -0.06131925   -0.00000239   12.00000000
 C     6.0    0.38671499    0.00102493   -2.28343244   12.00000000
 C     6.0   -2.25336553    0.00903025   -2.28241907   12.00000000
 C     6.0   -3.58237383    0.00868158    0.00000023   12.00000000
 C     6.0   -2.25336551    0.00886109    2.28241953   12.00000000
 C     6.0    0.38671501    0.00085569    2.28343228   12.00000000
 O     8.0    4.28900921    0.15282054    0.00000553   15.99491464
 H     1.0    1.43947326    0.02869300   -4.03397606    1.00782504
 H     1.0   -3.26478553    0.01988533   -4.05823496    1.00782504
 H     1.0   -5.62550712    0.02438672    0.00000082    1.00782504
 H     1.0   -3.26477261    0.02247467    4.05822376    1.00782504
 H     1.0    1.43947330    0.02839400    4.03397794    1.00782504
 H     1.0    4.98957757   -1.53995703   -0.00005721    1.00782504
 N     6.0    1.70414081   -0.06131925   -0.00002440   12.00000000
 C     6.0    0.38670084    0.00095410   -2.28344822   12.00000000
 C     6.0   -2.25337968    0.00895945   -2.28241873   12.00000000
 C     6.0   -3.58237383    0.00868158    0.00000881   12.00000000
 C     6.0   -2.25335136    0.00893189    2.28241987   12.00000000
 C     6.0    0.38672916    0.00092652    2.28341650   12.00000000
 O     8.0    4.28900921    0.15282054   -0.00003914   15.99491464
 H     1.0    1.43944826    0.02856786   -4.03399922    1.00782504
 H     1.0   -3.26480424    0.02120450   -4.05822245    1.00782504
 H     1.0   -5.62550712    0.02438672    0.00002158    1.00782504
 H     1.0   -3.26475390    0.02115550    4.05823627    1.00782504
 H     1.0    1.43949830    0.02851914    4.03395478    1.00782504
 H     1.0    4.98957757   -1.53995703    0.00118008    1.00782504
