 N      6.   -1.73356777   -0.00000000    0.00164555   12.00000000
 C      6.   -0.42173224    0.00000000   -2.36444805   12.00000000
 C      6.    2.28335170   -0.00000000   -2.35542330   12.00000000
 C      6.    3.61539405   -0.00000000    0.00274286   12.00000000
 C      6.    2.28196021    0.00000000    2.35716384   12.00000000
 C      6.   -0.42807440    0.00000000    2.36105714   12.00000000
 O      8.   -4.25944306   -0.00000000    0.10203898   15.99491464
 H      1.   -1.46585732    0.00000000   -4.11957101    1.00782504
 H      1.    3.31397075   -0.00000000   -4.11457771    1.00782504
 H      1.    5.65718421   -0.00000000    0.00029255    1.00782504
 H      1.    3.31068089    0.00000000    4.11711464    1.00782504
 H      1.   -1.50655549    0.00000000    4.08948492    1.00782504
 H      1.   -4.94349957   -0.00000000   -1.59926929    1.00782504
 N     6.0   -1.72894925   -0.00000000   -0.00304333   12.00000000
 C     6.0   -0.42804591    0.00000000   -2.35358983   12.00000000
 C     6.0    2.27705262   -0.00000001   -2.35200123   12.00000000
 C     6.0    3.61544003    0.00000000    0.00256956   12.00000000
 C     6.0    2.28351411    0.00000000    2.35784391   12.00000000
 C     6.0   -0.42652329   -0.00000001    2.35806289   12.00000000
 O     8.0   -4.25485190    0.00000000    0.09665949   15.99491464
 H     1.0   -1.47524237    0.00000001   -4.10688198    1.00782504
 H     1.0    3.30288148   -0.00000002   -4.11395327    1.00782504
 H     1.0    5.65722327    0.00000001   -0.00328347    1.00782504
 H     1.0    3.31160513    0.00000001    4.11816261    1.00782504
 H     1.0   -1.50729828   -0.00000002    4.08505723    1.00782504
 H     1.0   -4.93844322   -0.00000000   -1.60483575    1.00782504
 N     6.0   -1.72965481   -0.00000000    0.00204723   12.00000000
 C     6.0   -0.41416675   -0.00000000   -2.36201761   12.00000000
 C     6.0    2.27202383   -0.00000000   -2.35427788   12.00000000
 C     6.0    3.60986346    0.00000001    0.00060419   12.00000000
 C     6.0    2.28223969    0.00000000    2.35830627   12.00000000
 C     6.0   -0.42779280   -0.00000001    2.36346445   12.00000000
 O     8.0   -4.25568185    0.00000000    0.09854716   15.99491464
 H     1.0   -1.45733562   -0.00000000   -4.11770906    1.00782504
 H     1.0    3.30007781   -0.00000001   -4.11493256    1.00782504
 H     1.0    5.65164139    0.00000001   -0.00687514    1.00782504
 H     1.0    3.31354001    0.00000000    4.11674669    1.00782504
 H     1.0   -1.50719992   -0.00000001    4.09131408    1.00782504
 H     1.0   -4.93711515    0.00000001   -1.60381350    1.00782504
 N     6.0   -1.73436886   -0.00000000    0.00280823   12.00000000
 C     6.0   -0.41810506    0.00000000   -2.36082478   12.00000000
 C     6.0    2.28695674   -0.00000001   -2.34663944   12.00000000
 C     6.0    3.60993542    0.00000000   -0.00505722   12.00000000
 C     6.0    2.28154263    0.00000000    2.35221166   12.00000000
 C     6.0   -0.42847710   -0.00000001    2.36199934   12.00000000
 O     8.0   -4.26032876    0.00000000    0.10105000   15.99491464
 H     1.0   -1.45891086    0.00000001   -4.11791814    1.00782504
 H     1.0    3.31916681   -0.00000002   -4.10486076    1.00782504
 H     1.0    5.65172156    0.00000001   -0.00979251    1.00782504
 H     1.0    3.31405786    0.00000001    4.10993899    1.00782504
 H     1.0   -1.50493183   -0.00000002    4.09168985    1.00782504
 H     1.0   -4.94293579   -0.00000000   -1.60084036    1.00782504
 N     6.0   -1.73436290   -0.00000000    0.00048337   12.00000000
 C     6.0   -0.42212935    0.00000000   -2.36538951   12.00000000
 C     6.0    2.28292856   -0.00000001   -2.35048103   12.00000000
 C     6.0    3.60992154    0.00000000    0.01053021   12.00000000
 C     6.0    2.28557136    0.00000000    2.34837822   12.00000000
 C     6.0   -0.42445088   -0.00000001    2.35744465   12.00000000
 O     8.0   -4.26015166    0.00000001    0.10303074   15.99491464
 H     1.0   -1.46419733    0.00000001   -4.12173461    1.00782504
 H     1.0    3.31734059   -0.00000002   -4.10740779    1.00782504
 H     1.0    5.65171316    0.00000001    0.01036456    1.00782504
 H     1.0    3.31588519    0.00000001    4.10739683    1.00782504
 H     1.0   -1.49966103   -0.00000002    4.08790909    1.00782504
 H     1.0   -4.94565874   -0.00000002   -1.59769358    1.00782504
 N     6.0   -1.72895130    0.00000000    0.00633823   12.00000000
 C     6.0   -0.42019076    0.00000000   -2.36145763   12.00000000
 C     6.0    2.28490293    0.00000000   -2.35609776   12.00000000
 C     6.0    3.61543340   -0.00000000    0.00292176   12.00000000
 C     6.0    2.27566512   -0.00000000    2.35374394   12.00000000
 C     6.0   -0.43436996    0.00000000    2.35018958   12.00000000
 O     8.0   -4.25479905    0.00000000    0.10742220   15.99491464
 H     1.0   -1.46664392    0.00000000   -4.11519351    1.00782504
 H     1.0    3.31489406    0.00000000   -4.11561989    1.00782504
 H     1.0    5.65722481   -0.00000000    0.00387462    1.00782504
 H     1.0    3.29959433   -0.00000000    4.11648669    1.00782504
 H     1.0   -1.51587460    0.00000000    4.07672708    1.00782504
 H     1.0   -4.93932066   -0.00000001   -1.59369899    1.00782504
 N     6.0   -1.72964453   -0.00000000    0.00124945   12.00000000
 C     6.0   -0.42144889   -0.00000000   -2.36685856   12.00000000
 C     6.0    2.28363054   -0.00000000   -2.35657005   12.00000000
 C     6.0    3.60985182    0.00000000    0.00487476   12.00000000
 C     6.0    2.27062671    0.00000000    2.35600642   12.00000000
 C     6.0   -0.42051214   -0.00000001    2.35864386   12.00000000
 O     8.0   -4.25536218    0.00000000    0.10553349   15.99491464
 H     1.0   -1.46651326   -0.00000000   -4.12142239    1.00782504
 H     1.0    3.31682911   -0.00000001   -4.11421068    1.00782504
 H     1.0    5.65164182    0.00000001    0.00745565    1.00782504
 H     1.0    3.29677850    0.00000000    4.11745627    1.00782504
 H     1.0   -1.49805417   -0.00000001    4.08765723    1.00782504
 H     1.0   -4.94203849   -0.00000001   -1.59471907    1.00782504
 N     6.0   -1.73698161   -0.00000000    0.00187578   12.00000000
 C     6.0   -0.42527221   -0.00000001   -2.36428774   12.00000000
 C     6.0    2.27981220   -0.00000000   -2.35540720   12.00000000
 C     6.0    3.61198026    0.00000001    0.00268795   12.00000000
 C     6.0    2.27867193   -0.00000000    2.35718001   12.00000000
 C     6.0   -0.43136247   -0.00000001    2.36121778   12.00000000
 O     8.0   -4.24396923    0.00000001    0.10165236   15.99491464
 H     1.0   -1.46949085   -0.00000002   -4.11935504    1.00782504
 H     1.0    3.31033748   -0.00000000   -4.11461654    1.00782504
 H     1.0    5.65377029    0.00000003    0.00012880    1.00782504
 H     1.0    3.30748643   -0.00000000    4.11707597    1.00782504
 H     1.0   -1.50975142   -0.00000002    4.08970305    1.00782504
 H     1.0   -4.92811643    0.00000000   -1.59961945    1.00782504
 N     6.0   -1.73367129    0.00000000    0.00149808   12.00000000
 C     6.0   -0.42187129    0.00000000   -2.36461522   12.00000000
 C     6.0    2.28321279    0.00000000   -2.35563108   12.00000000
 C     6.0    3.61529055    0.00000000    0.00251507   12.00000000
 C     6.0    2.28189206    0.00000000    2.35695608   12.00000000
 C     6.0   -0.42814249    0.00000000    2.36089007   12.00000000
 O     8.0   -4.25954507    0.00000000    0.10192944   15.99491464
 H     1.0   -1.45636112    0.00000000   -4.10348181    1.00782504
 H     1.0    3.31380542    0.00000000   -4.11480097    1.00782504
 H     1.0    5.65708067    0.00000000    0.00003411    1.00782504
 H     1.0    3.31063916    0.00000000    4.11689143    1.00782504
 H     1.0   -1.50659763    0.00000000    4.08933404    1.00782504
 H     1.0   -4.94362713    0.00000000   -1.59936856    1.00782504
 N     6.0   -1.73346538    0.00000000    0.00149520   12.00000000
 C     6.0   -0.42166244    0.00000000   -2.36461647   12.00000000
 C     6.0    2.28342162    0.00000000   -2.35562899   12.00000000
 C     6.0    3.61549646    0.00000000    0.00251882   12.00000000
 C     6.0    2.28209505    0.00000000    2.35695817   12.00000000
 C     6.0   -0.42793951    0.00000000    2.36088880   12.00000000
 O     8.0   -4.25933929    0.00000000    0.10192342   15.99491464
 H     1.0   -1.46581170    0.00000000   -4.11972505    1.00782504
 H     1.0    3.30446393    0.00000000   -4.09849250    1.00782504
 H     1.0    5.65728658    0.00000000    0.00004039    1.00782504
 H     1.0    3.31083997    0.00000000    4.11689480    1.00782504
 H     1.0   -1.50639679    0.00000000    4.08933144    1.00782504
 H     1.0   -4.94341923    0.00000000   -1.59937543    1.00782504
 N     6.0   -1.73336525    0.00000000    0.00164553   12.00000000
 C     6.0   -0.42153002    0.00000000   -2.36444824   12.00000000
 C     6.0    2.28355392    0.00000000   -2.35542382   12.00000000
 C     6.0    3.61559657    0.00000000    0.00274217   12.00000000
 C     6.0    2.28216302    0.00000000    2.35716332   12.00000000
 C     6.0   -0.42787159    0.00000000    2.36105695   12.00000000
 O     8.0   -4.25924053    0.00000000    0.10203927   15.99491464
 H     1.0   -1.46565532    0.00000000   -4.11957107    1.00782504
 H     1.0    3.31417275    0.00000000   -4.11457836    1.00782504
 H     1.0    5.63848948    0.00000000    0.00031428    1.00782504
 H     1.0    3.31088392    0.00000000    4.11711399    1.00782504
 H     1.0   -1.50635246    0.00000000    4.08948487    1.00782504
 H     1.0   -4.94329725    0.00000000   -1.59926891    1.00782504
 N     6.0   -1.73346559    0.00000000    0.00179596   12.00000000
 C     6.0   -0.42159741    0.00000000   -2.36427953   12.00000000
 C     6.0    2.28348641    0.00000000   -2.35521745   12.00000000
 C     6.0    3.61549621    0.00000000    0.00296709   12.00000000
 C     6.0    2.28202988    0.00000000    2.35736967   12.00000000
 C     6.0   -0.42800478    0.00000000    2.36122557   12.00000000
 O     8.0   -4.25934227    0.00000000    0.10215454   15.99491464
 H     1.0   -1.46569827    0.00000000   -4.11941690    1.00782504
 H     1.0    3.31412973    0.00000000   -4.11435764    1.00782504
 H     1.0    5.65728641    0.00000000    0.00054495    1.00782504
 H     1.0    3.30119009    0.00000000    4.10102002    1.00782504
 H     1.0   -1.50650972    0.00000000    4.08963847    1.00782504
 H     1.0   -4.94337530    0.00000000   -1.59916317    1.00782504
 N     6.0   -1.73367500    0.00000000    0.00178947   12.00000000
 C     6.0   -0.42180218    0.00000000   -2.36428346   12.00000000
 C     6.0    2.28328162    0.00000000   -2.35521608   12.00000000
 C     6.0    3.61528680    0.00000000    0.00297107   12.00000000
 C     6.0    2.28181586    0.00000000    2.35737104   12.00000000
 C     6.0   -0.42821881    0.00000000    2.36122163   12.00000000
 O     8.0   -4.25955187    0.00000000    0.10214309   15.99491464
 H     1.0   -1.46589960    0.00000000   -4.11942287    1.00782504
 H     1.0    3.31392839    0.00000000   -4.11435425    1.00782504
 H     1.0    5.65707700    0.00000000    0.00055294    1.00782504
 H     1.0    3.31050880    0.00000000    4.11733805    1.00782504
 H     1.0   -1.49672353    0.00000000    4.07360013    1.00782504
 H     1.0   -4.94358157    0.00000000   -1.59917596    1.00782504
 N     6.0   -1.73364340   -0.00000000    0.00132643   12.00000000
 C     6.0   -0.42163249   -0.00000000   -2.36466992   12.00000000
 C     6.0    2.28345078   -0.00000000   -2.35544465   12.00000000
 C     6.0    3.61531832    0.00000000    0.00282024   12.00000000
 C     6.0    2.28170996    0.00000000    2.35714237   12.00000000
 C     6.0   -0.42832493   -0.00000001    2.36083479   12.00000000
 O     8.0   -4.25952613    0.00000000    0.10153263   15.99491464
 H     1.0   -1.46562746   -0.00000000   -4.11987027    1.00782504
 H     1.0    3.31420022   -0.00000001   -4.11452266    1.00782504
 H     1.0    5.65710866    0.00000001    0.00052128    1.00782504
 H     1.0    3.31030018    0.00000000    4.11716942    1.00782504
 H     1.0   -1.50693414   -0.00000001    4.08918262    1.00782504
 H     1.0   -4.93640818   -0.00000001   -1.58229274    1.00782504
 N     6.0   -1.73923285    0.00000000    0.00164103   12.00000000
 C     6.0   -0.42056221    0.00000000   -2.36065004   12.00000000
 C     6.0    2.28452159    0.00000000   -2.35158163   12.00000000
 C     6.0    3.62334059   -0.00000001    0.00274378   12.00000000
 C     6.0    2.28313097   -0.00000000    2.35331438   12.00000000
 C     6.0   -0.42690357    0.00000001    2.35725726   12.00000000
 O     8.0   -4.26510771   -0.00000000    0.10204523   15.99491464
 H     1.0   -1.46213491    0.00000000   -4.11728891    1.00782504
 H     1.0    3.31262408    0.00000001   -4.11220798    1.00782504
 H     1.0    5.66513075   -0.00000001    0.00029777    1.00782504
 H     1.0    3.30933215   -0.00000000    4.11473545    1.00782504
 H     1.0   -1.50286180    0.00000001    4.08725667    1.00782504
 H     1.0   -4.94917148   -0.00000001   -1.59926012    1.00782504
 N     6.0   -1.73355572   -0.00000000   -0.00127265   12.00000000
 C     6.0   -0.42530976   -0.00000000   -2.36935286   12.00000000
 C     6.0    2.27972642   -0.00000000   -2.35091925   12.00000000
 C     6.0    3.61537555    0.00000001    0.00520593   12.00000000
 C     6.0    2.28555316    0.00000000    2.36166861   12.00000000
 C     6.0   -0.42447864   -0.00000001    2.35615247   12.00000000
 O     8.0   -4.25927570    0.00000000    0.10295494   15.99491464
 H     1.0   -1.46771275   -0.00000000   -4.12549915    1.00782504
 H     1.0    3.31205848   -0.00000001   -4.10906895    1.00782504
 H     1.0    5.65715956    0.00000001   -0.00037176    1.00782504
 H     1.0    3.31256722    0.00000000    4.12261584    1.00782504
 H     1.0   -1.50464662   -0.00000001    4.08352655    1.00782504
 H     1.0   -4.94591400    0.00000001   -1.59731298    1.00782504
 N     6.0   -1.73626264   -0.00000000    0.00164285   12.00000000
 C     6.0   -0.41956898   -0.00000000   -2.36175072   12.00000000
 C     6.0    2.28552763   -0.00000000   -2.35816209   12.00000000
 C     6.0    3.61271438    0.00000000    0.00274024   12.00000000
 C     6.0    2.28412910    0.00000000    2.35990063   12.00000000
 C     6.0   -0.42590787   -0.00000001    2.35835802   12.00000000
 O     8.0   -4.26213757    0.00000000    0.10204539   15.99491464
 H     1.0   -1.46365474   -0.00000000   -4.11689707    1.00782504
 H     1.0    3.31618914   -0.00000001   -4.11729162    1.00782504
 H     1.0    5.65450454    0.00000001    0.00028964    1.00782504
 H     1.0    3.31289581    0.00000000    4.11982452    1.00782504
 H     1.0   -1.50434076   -0.00000001    4.08681587    1.00782504
 H     1.0   -4.94620021   -0.00000001   -1.59926042    1.00782504
 N     6.0   -1.73356488   -0.00147888    0.00164557   12.00000000
 C     6.0   -0.42173050   -0.00524229   -2.36444568   12.00000000
 C     6.0    2.28335027   -0.00110429   -2.35542095   12.00000000
 C     6.0    3.61537389    0.00672561    0.00274279   12.00000000
 C     6.0    2.28195880   -0.00107205    2.35716148   12.00000000
 C     6.0   -0.42807265   -0.00520904    2.36105484   12.00000000
 O     8.0   -4.25942981    0.00575313    0.10203897   15.99491464
 H     1.0   -1.46585099   -0.01110328   -4.11956159    1.00782504
 H     1.0    3.31397784   -0.00386529   -4.11456820    1.00782504
 H     1.0    5.65712896    0.01869644    0.00029238    1.00782504
 H     1.0    3.31068802   -0.00381601    4.11710515    1.00782504
 H     1.0   -1.50654914   -0.01104081    4.08947565    1.00782504
 H     1.0   -4.94348352    0.00770617   -1.59926930    1.00782504
 N     6.0   -1.73356773   -0.00000480    0.00164555   12.00000000
 C     6.0   -0.42172789    0.00340998   -2.36444320   12.00000000
 C     6.0    2.28334733   -0.00345685   -2.35541831   12.00000000
 C     6.0    3.61539402    0.00000338    0.00274286   12.00000000
 C     6.0    2.28195585    0.00346605    2.35715884   12.00000000
 C     6.0   -0.42807004   -0.00340716    2.36105229   12.00000000
 O     8.0   -4.25944302   -0.00015231    0.10203888   15.99491464
 H     1.0   -1.46584010    0.01104450   -4.11955721    1.00782504
 H     1.0    3.31395335   -0.01119639   -4.11456333    1.00782504
 H     1.0    5.65718418   -0.00000632    0.00029256    1.00782504
 H     1.0    3.31066353    0.01119990    4.11710025    1.00782504
 H     1.0   -1.50653829   -0.01105206    4.08947118    1.00782504
 H     1.0   -4.94349954    0.00230132   -1.59926762    1.00782504
 N     6.0   -1.73356709    0.00116118    0.00164556   12.00000000
 C     6.0   -0.42173047    0.00330941   -2.36444647   12.00000000
 C     6.0    2.28334821   -0.00202152   -2.35542171   12.00000000
 C     6.0    3.61539169    0.00010960    0.00274285   12.00000000
 C     6.0    2.28195674   -0.00204250    2.35716222   12.00000000
 C     6.0   -0.42807263    0.00329091    2.36105558   12.00000000
 O     8.0   -4.25943900   -0.00296745    0.10203898   15.99491464
 H     1.0   -1.46584875    0.00886481   -4.11956468    1.00782504
 H     1.0    3.31396035   -0.00761423   -4.11457128    1.00782504
 H     1.0    5.65717921    0.00339061    0.00029256    1.00782504
 H     1.0    3.31067053   -0.00764329    4.11710813    1.00782504
 H     1.0   -1.50654691    0.00884988    4.08947867    1.00782504
 H     1.0   -4.94349460   -0.00408260   -1.59926929    1.00782504
 N     6.0   -1.73357475   -0.00000000   -0.00396495   12.00000000
 C     6.0   -0.41862660   -0.00000000   -2.36833014   12.00000000
 C     6.0    2.28644313   -0.00000000   -2.35574553   12.00000000
 C     6.0    3.61538099    0.00000000    0.00417155   12.00000000
 C     6.0    2.27884991    0.00000000    2.35683570   12.00000000
 C     6.0   -0.43118748   -0.00000001    2.35716261   12.00000000
 O     8.0   -4.25883044    0.00000001    0.11096334   15.99491464
 H     1.0   -1.46044104   -0.00000000   -4.12482564    1.00782504
 H     1.0    3.31937632   -0.00000001   -4.11354213    1.00782504
 H     1.0    5.65717261    0.00000001    0.00440822    1.00782504
 H     1.0    3.30525362    0.00000000    4.11813876    1.00782504
 H     1.0   -1.51194223   -0.00000001    4.08416962    1.00782504
 H     1.0   -4.95266673   -0.00000002   -1.58637998    1.00782504
 N     6.0   -1.73357175    0.00947783    0.00164534   12.00000000
 C     6.0   -0.42174090    0.00595833   -2.36444823   12.00000000
 C     6.0    2.28333296   -0.00142575   -2.35542343   12.00000000
 C     6.0    3.61537014   -0.00512282    0.00274275   12.00000000
 C     6.0    2.28194105   -0.00154407    2.35716371   12.00000000
 C     6.0   -0.42808346    0.00585319    2.36105695   12.00000000
 O     8.0   -4.25938009   -0.00890861    0.10203968   15.99491464
 H     1.0   -1.46586193    0.00885387   -4.11957121    1.00782504
 H     1.0    3.31394833   -0.00419337   -4.11457782    1.00782504
 H     1.0    5.65715269   -0.01069605    0.00029248    1.00782504
 H     1.0    3.31065774   -0.00439768    4.11711453    1.00782504
 H     1.0   -1.50656069    0.00875223    4.08948471    1.00782504
 H     1.0   -4.94341781   -0.01406394   -1.59926834    1.00782504
 N     6.0   -1.73343512   -0.00000000    0.00145867   12.00000000
 C     6.0   -0.42145618   -0.00000000   -2.36455541   12.00000000
 C     6.0    2.28362721   -0.00000000   -2.35536670   12.00000000
 C     6.0    3.61552662    0.00000000    0.00288020   12.00000000
 C     6.0    2.28195007    0.00000000    2.35722035   12.00000000
 C     6.0   -0.42808477   -0.00000001    2.36094939   12.00000000
 O     8.0   -4.25931649    0.00000000    0.10169900   15.99491464
 H     1.0   -1.47785971   -0.00000000   -4.11231551    1.00782504
 H     1.0    3.31435288   -0.00000001   -4.11445863    1.00782504
 H     1.0    5.65731692    0.00000001    0.00055365    1.00782504
 H     1.0    3.31056407    0.00000000    4.11723350    1.00782504
 H     1.0   -1.50667062   -0.00000001    4.08931179    1.00782504
 H     1.0   -4.94326988   -0.00000001   -1.59965073    1.00782504
 N     6.0   -1.73356831    0.00029666    0.00164481   12.00000000
 C     6.0   -0.42173296    0.00083195   -2.36444883   12.00000000
 C     6.0    2.28335098    0.00071024   -2.35542431   12.00000000
 C     6.0    3.61539350    0.00006025    0.00274167   12.00000000
 C     6.0    2.28195984   -0.00047116    2.35716268   12.00000000
 C     6.0   -0.42807477   -0.00035248    2.36105622   12.00000000
 O     8.0   -4.25944359    0.00038299    0.10203845   15.99491464
 H     1.0   -1.46580758   -0.01910377   -4.11948858    1.00782504
 H     1.0    3.31396990    0.00110574   -4.11457875    1.00782504
 H     1.0    5.65718366   -0.00002926    0.00029118    1.00782504
 H     1.0    3.31068065   -0.00095782    4.11711334    1.00782504
 H     1.0   -1.50655573   -0.00073818    4.08948403    1.00782504
 H     1.0   -4.94350023    0.00083969   -1.59926971    1.00782504
 N     6.0   -1.73343429    0.00000000    0.00159372   12.00000000
 C     6.0   -0.42142571    0.00000000   -2.36440393   12.00000000
 C     6.0    2.28365757    0.00000000   -2.35518133   12.00000000
 C     6.0    3.61552744   -0.00000000    0.00308225   12.00000000
 C     6.0    2.28192140   -0.00000000    2.35740570   12.00000000
 C     6.0   -0.42811349    0.00000000    2.36110079   12.00000000
 O     8.0   -4.25931692    0.00000000    0.10180241   15.99491464
 H     1.0   -1.46542242    0.00000000   -4.11960325    1.00782504
 H     1.0    3.30194104    0.00000000   -4.12150480    1.00782504
 H     1.0    5.65731777   -0.00000000    0.00078128    1.00782504
 H     1.0    3.31051335   -0.00000000    4.11743173    1.00782504
 H     1.0   -1.50672099    0.00000000    4.08944968    1.00782504
 H     1.0   -4.94324899   -0.00000001   -1.59955589    1.00782504
 N     6.0   -1.73356723    0.00004631    0.00164476   12.00000000
 C     6.0   -0.42173190    0.00076595   -2.36444884   12.00000000
 C     6.0    2.28335203    0.00102630   -2.35542424   12.00000000
 C     6.0    3.61539456    0.00056531    0.00274176   12.00000000
 C     6.0    2.28196092   -0.00015352    2.35716275   12.00000000
 C     6.0   -0.42807367   -0.00041759    2.36105621   12.00000000
 O     8.0   -4.25944250   -0.00022402    0.10203834   15.99491464
 H     1.0   -1.46585712    0.00110393   -4.11957168    1.00782504
 H     1.0    3.31392137   -0.01882121   -4.11449581    1.00782504
 H     1.0    5.65718471    0.00076415    0.00029134    1.00782504
 H     1.0    3.31068174   -0.00049422    4.11711343    1.00782504
 H     1.0   -1.50655462   -0.00095497    4.08948399    1.00782504
 H     1.0   -4.94349915    0.00013545   -1.59926984    1.00782504
 N     6.0   -1.73356715    0.00000000    0.00166025   12.00000000
 C     6.0   -0.42154447    0.00000000   -2.36432957   12.00000000
 C     6.0    2.28353875    0.00000000   -2.35509085   12.00000000
 C     6.0    3.61539456   -0.00000000    0.00318067   12.00000000
 C     6.0    2.28177449   -0.00000000    2.35749617   12.00000000
 C     6.0   -0.42826042    0.00000000    2.36117510   12.00000000
 O     8.0   -4.25945038    0.00000000    0.10185388   15.99491464
 H     1.0   -1.46553071    0.00000000   -4.11953512    1.00782504
 H     1.0    3.31429695    0.00000000   -4.11416373    1.00782504
 H     1.0    5.65711768   -0.00000000   -0.01354559    1.00782504
 H     1.0    3.31035595   -0.00000000    4.11752834    1.00782504
 H     1.0   -1.50687823    0.00000000    4.08951757    1.00782504
 H     1.0   -4.94337231   -0.00000001   -1.59950849    1.00782504
 N     6.0   -1.73356669   -0.00007542    0.00164555   12.00000000
 C     6.0   -0.42173117    0.00014358   -2.36444805   12.00000000
 C     6.0    2.28335273    0.00059321   -2.35542330   12.00000000
 C     6.0    3.61539506    0.00081369    0.00274286   12.00000000
 C     6.0    2.28196124    0.00059110    2.35716384   12.00000000
 C     6.0   -0.42807334    0.00014062    2.36105714   12.00000000
 O     8.0   -4.25944194   -0.00049531    0.10203898   15.99491464
 H     1.0   -1.46585624   -0.00002927   -4.11957101    1.00782504
 H     1.0    3.31397176    0.00076522   -4.11457771    1.00782504
 H     1.0    5.65708649   -0.01926451    0.00029243    1.00782504
 H     1.0    3.31068190    0.00076140    4.11711464    1.00782504
 H     1.0   -1.50655441   -0.00003936    4.08948492    1.00782504
 H     1.0   -4.94349844   -0.00060833   -1.59926929    1.00782504
 N     6.0   -1.73370096   -0.00000000    0.00159441   12.00000000
 C     6.0   -0.42169225   -0.00000000   -2.36440317   12.00000000
 C     6.0    2.28339102   -0.00000000   -2.35518043   12.00000000
 C     6.0    3.61526076    0.00000001    0.00308322   12.00000000
 C     6.0    2.28165460    0.00000000    2.35740660   12.00000000
 C     6.0   -0.42838029   -0.00000001    2.36110154   12.00000000
 O     8.0   -4.25958359    0.00000000    0.10180296   15.99491464
 H     1.0   -1.46568887   -0.00000000   -4.11960255    1.00782504
 H     1.0    3.31413882   -0.00000001   -4.11425940    1.00782504
 H     1.0    5.65705110    0.00000001    0.00078236    1.00782504
 H     1.0    3.32266591    0.00000000    4.11011551    1.00782504
 H     1.0   -1.50698788   -0.00000001    4.08945038    1.00782504
 H     1.0   -4.94351558    0.00000001   -1.59955538    1.00782504
 N     6.0   -1.73356723    0.00004821    0.00164634   12.00000000
 C     6.0   -0.42173151   -0.00041676   -2.36444711   12.00000000
 C     6.0    2.28335241   -0.00015379   -2.35542221   12.00000000
 C     6.0    3.61539456    0.00056400    0.00274396   12.00000000
 C     6.0    2.28196053    0.00102396    2.35716479   12.00000000
 C     6.0   -0.42807406    0.00076376    2.36105793   12.00000000
 O     8.0   -4.25944252   -0.00017015    0.10203961   15.99491464
 H     1.0   -1.46585644   -0.00095607   -4.11957008    1.00782504
 H     1.0    3.31397160   -0.00049415   -4.11457650    1.00782504
 H     1.0    5.65718471    0.00076018    0.00029377    1.00782504
 H     1.0    3.31063165   -0.01882222    4.11703266    1.00782504
 H     1.0   -1.50655529    0.00109184    4.08948559    1.00782504
 H     1.0   -4.94349889   -0.00066131   -1.59926864    1.00782504
 N     6.0   -1.73343699   -0.00000000    0.00183420   12.00000000
 C     6.0   -0.42174378    0.00000000   -2.36433830   12.00000000
 C     6.0    2.28334070   -0.00000001   -2.35547625   12.00000000
 C     6.0    3.61552489    0.00000000    0.00260979   12.00000000
 C     6.0    2.28223266    0.00000000    2.35711096   12.00000000
 C     6.0   -0.42780171   -0.00000001    2.36116726   12.00000000
 O     8.0   -4.25930624    0.00000000    0.10237955   15.99491464
 H     1.0   -1.46597442    0.00000001   -4.11939846    1.00782504
 H     1.0    3.31385394   -0.00000002   -4.11469265    1.00782504
 H     1.0    5.65731489    0.00000001    0.00003667    1.00782504
 H     1.0    3.31105919    0.00000001    4.11699989    1.00782504
 H     1.0   -1.51837407   -0.00000002    4.08199148    1.00782504
 H     1.0   -4.94346507   -0.00000000   -1.59888757    1.00782504
 N     6.0   -1.73356830   -0.00029979    0.00164630   12.00000000
 C     6.0   -0.42173262    0.00034820   -2.36444712   12.00000000
 C     6.0    2.28335132    0.00046993   -2.35542216   12.00000000
 C     6.0    3.61539351   -0.00005492    0.00274403   12.00000000
 C     6.0    2.28195952   -0.00070102    2.35716483   12.00000000
 C     6.0   -0.42807509   -0.00082618    2.36105792   12.00000000
 O     8.0   -4.25944360   -0.00044048    0.10203953   15.99491464
 H     1.0   -1.46585758    0.00073642   -4.11957011    1.00782504
 H     1.0    3.31397048    0.00095423   -4.11457644    1.00782504
 H     1.0    5.65718367    0.00003928    0.00029388    1.00782504
 H     1.0    3.31068008   -0.00109116    4.11711566    1.00782504
 H     1.0   -1.50650632    0.01906761    4.08940232    1.00782504
 H     1.0   -4.94349999   -0.00004915   -1.59926874    1.00782504
 N     6.0   -1.73375037   -0.00000000    0.00182307   12.00000000
 C     6.0   -0.42205534    0.00000000   -2.36434843   12.00000000
 C     6.0    2.28302913   -0.00000001   -2.35548430   12.00000000
 C     6.0    3.61521151    0.00000000    0.00260276   12.00000000
 C     6.0    2.28191747    0.00000000    2.35710291   12.00000000
 C     6.0   -0.42811690   -0.00000001    2.36115713   12.00000000
 O     8.0   -4.25961969    0.00000000    0.10236648   15.99491464
 H     1.0   -1.46628464    0.00000001   -4.11940938    1.00782504
 H     1.0    3.31354372   -0.00000002   -4.11469991    1.00782504
 H     1.0    5.65700152    0.00000001    0.00003121    1.00782504
 H     1.0    3.31074265    0.00000001    4.11699262    1.00782504
 H     1.0   -1.50649536   -0.00000002    4.08964895    1.00782504
 H     1.0   -4.92673062   -0.00000000   -1.60565757    1.00782504
 N     6.0   -1.73356777   -0.00040532    0.00164392   12.00000000
 C     6.0   -0.42173126   -0.00043616   -2.36444914   12.00000000
 C     6.0    2.28335265   -0.00009871   -2.35542329   12.00000000
 C     6.0    3.61539401    0.00026061    0.00274341   12.00000000
 C     6.0    2.28195920    0.00028782    2.35716384   12.00000000
 C     6.0   -0.42807539   -0.00004921    2.36105603   12.00000000
 O     8.0   -4.25944308   -0.00071152    0.10203632   15.99491464
 H     1.0   -1.46585560   -0.00071013   -4.11957252    1.00782504
 H     1.0    3.31397243   -0.00011478   -4.11457727    1.00782504
 H     1.0    5.65718415    0.00051457    0.00029393    1.00782504
 H     1.0    3.31067913    0.00056029    4.11711505    1.00782504
 H     1.0   -1.50655720   -0.00004163    4.08948337    1.00782504
 H     1.0   -4.94349760    0.01633476   -1.59918735    1.00782504
