 N      6.   -1.71199414   -0.00000000   -0.00354718   12.00000000
 C      6.   -0.38703243    0.00000000   -2.28591809   12.00000000
 C      6.    2.25530537   -0.00000000   -2.27653197   12.00000000
 C      6.    3.58567656   -0.00000000   -0.00071621   12.00000000
 C      6.    2.24421854    0.00000000    2.27787307   12.00000000
 C      6.   -0.39002962    0.00000000    2.28562351   12.00000000
 O      8.   -4.25258741   -0.00000000    0.10849745   15.99491464
 H      1.   -1.40667035    0.00000000   -4.06095466    1.00782504
 H      1.    3.26109586    0.00000000   -4.05562411    1.00782504
 H      1.    5.62831685    0.00000000    0.00217672    1.00782504
 H      1.    3.24992294    0.00000000    4.05714529    1.00782504
 H      1.   -1.44534888    0.00000000    4.03356585    1.00782504
 H      1.   -4.94259551    0.00000000   -1.58803693    1.00782504
 N     6.0   -1.71152446    0.00000000   -0.00400846   12.00000000
 C     6.0   -0.38767439    0.00000000   -2.28483963   12.00000000
 C     6.0    2.25466603    0.00000000   -2.27618889   12.00000000
 C     6.0    3.58567246    0.00000000   -0.00074448   12.00000000
 C     6.0    2.24438079    0.00000000    2.27794274   12.00000000
 C     6.0   -0.38986840    0.00000000    2.28534037   12.00000000
 O     8.0   -4.25212128    0.00000000    0.10795566   15.99491464
 H     1.0   -1.40762265    0.00000000   -4.05969792    1.00782504
 H     1.0    3.25996065    0.00000000   -4.05556137    1.00782504
 H     1.0    5.62831326    0.00000000    0.00178881    1.00782504
 H     1.0    3.25003099    0.00000000    4.05724559    1.00782504
 H     1.0   -1.44542248    0.00000000    4.03314094    1.00782504
 H     1.0   -4.94207561    0.00000000   -1.58860058    1.00782504
 N     6.0   -1.71160169    0.00000000   -0.00350483   12.00000000
 C     6.0   -0.38627970    0.00000000   -2.28566659   12.00000000
 C     6.0    2.25416885    0.00000000   -2.27641660   12.00000000
 C     6.0    3.58512330    0.00000000   -0.00094180   12.00000000
 C     6.0    2.24425035    0.00000000    2.27799193   12.00000000
 C     6.0   -0.38999742    0.00000000    2.28587391   12.00000000
 O     8.0   -4.25221262    0.00000000    0.10813937   15.99491464
 H     1.0   -1.40582099    0.00000000   -4.06075866    1.00782504
 H     1.0    3.25968779    0.00000000   -4.05566225    1.00782504
 H     1.0    5.62776434    0.00000000    0.00142714    1.00782504
 H     1.0    3.25022760    0.00000000    4.05710992    1.00782504
 H     1.0   -1.44541058    0.00000000    4.03375955    1.00782504
 H     1.0   -4.94195332    0.00000000   -1.58850377    1.00782504
 N     6.0   -1.71206874    0.00000000   -0.00342978   12.00000000
 C     6.0   -0.38667049    0.00000000   -2.28554727   12.00000000
 C     6.0    2.25566553    0.00000000   -2.27566075   12.00000000
 C     6.0    3.58512378    0.00000000   -0.00150024   12.00000000
 C     6.0    2.24417455    0.00000000    2.27738858   12.00000000
 C     6.0   -0.39007190    0.00000000    2.28572224   12.00000000
 O     8.0   -4.25267194    0.00000000    0.10838982   15.99491464
 H     1.0   -1.40597058    0.00000000   -4.06077790    1.00782504
 H     1.0    3.26160856    0.00000000   -4.05466666    1.00782504
 H     1.0    5.62776442    0.00000000    0.00114636    1.00782504
 H     1.0    3.25027456    0.00000000    4.05643719    1.00782504
 H     1.0   -1.44518532    0.00000000    4.03378886    1.00782504
 H     1.0   -4.94252977    0.00000000   -1.58820568    1.00782504
 N     6.0   -1.71206919    0.00000000   -0.00366512   12.00000000
 C     6.0   -0.38707617    0.00000000   -2.28601786   12.00000000
 C     6.0    2.25525955    0.00000000   -2.27604677   12.00000000
 C     6.0    3.58512173    0.00000000    0.00006654   12.00000000
 C     6.0    2.24458080    0.00000000    2.27700283   12.00000000
 C     6.0   -0.38966590    0.00000000    2.28525219   12.00000000
 O     8.0   -4.25265249    0.00000000    0.10860557   15.99491464
 H     1.0   -1.40650544    0.00000000   -4.06117428    1.00782504
 H     1.0    3.26144592    0.00000000   -4.05491511    1.00782504
 H     1.0    5.62776167    0.00000000    0.00320655    1.00782504
 H     1.0    3.25043743    0.00000000    4.05618900    1.00782504
 H     1.0   -1.44465211    0.00000000    4.03339560    1.00782504
 H     1.0   -4.94281154    0.00000000   -1.58786741    1.00782504
 N     6.0   -1.71152611    0.00000000   -0.00308474   12.00000000
 C     6.0   -0.38687077    0.00000000   -2.28563351   12.00000000
 C     6.0    2.25546829    0.00000000   -2.27660043   12.00000000
 C     6.0    3.58567325    0.00000000   -0.00068750   12.00000000
 C     6.0    2.24357936    0.00000000    2.27752743   12.00000000
 C     6.0   -0.39067095    0.00000000    2.28454440   12.00000000
 O     8.0   -4.25211588    0.00000000    0.10903921   15.99491464
 H     1.0   -1.40674640    0.00000000   -4.06053352    1.00782504
 H     1.0    3.26120490    0.00000000   -4.05572303    1.00782504
 H     1.0    5.62831303    0.00000000    0.00256504    1.00782504
 H     1.0    3.24878779    0.00000000    4.05707999    1.00782504
 H     1.0   -1.44629630    0.00000000    4.03230194    1.00782504
 H     1.0   -4.94217695    0.00000000   -1.58747362    1.00782504
 N     6.0   -1.71160350    0.00000000   -0.00358947   12.00000000
 C     6.0   -0.38700009    0.00000000   -2.28616837   12.00000000
 C     6.0    2.25533724    0.00000000   -2.27664849   12.00000000
 C     6.0    3.58512319    0.00000000   -0.00049062   12.00000000
 C     6.0    2.24308164    0.00000000    2.27775513   12.00000000
 C     6.0   -0.38927718    0.00000000    2.28537229   12.00000000
 O     8.0   -4.25217912    0.00000000    0.10885535   15.99491464
 H     1.0   -1.40673240    0.00000000   -4.06115072    1.00782504
 H     1.0    3.26140151    0.00000000   -4.05558585    1.00782504
 H     1.0    5.62776273    0.00000000    0.00292650    1.00782504
 H     1.0    3.24851508    0.00000000    4.05718050    1.00782504
 H     1.0   -1.44450068    0.00000000    4.03337244    1.00782504
 H     1.0   -4.94245446    0.00000000   -1.58757034    1.00782504
 N     6.0   -1.71233550    0.00000000   -0.00352185   12.00000000
 C     6.0   -0.38738719    0.00000000   -2.28590054   12.00000000
 C     6.0    2.25495066    0.00000000   -2.27652995   12.00000000
 C     6.0    3.58533522    0.00000000   -0.00072200   12.00000000
 C     6.0    2.24389059    0.00000000    2.27787516   12.00000000
 C     6.0   -0.39035753    0.00000000    2.28564107   12.00000000
 O     8.0   -4.25104022    0.00000000    0.10845445   15.99491464
 H     1.0   -1.40703554    0.00000000   -4.06093112    1.00782504
 H     1.0    3.26073070    0.00000000   -4.05562800    1.00782504
 H     1.0    5.62797553    0.00000000    0.00215893    1.00782504
 H     1.0    3.24960544    0.00000000    4.05714147    1.00782504
 H     1.0   -1.44566652    0.00000000    4.03358961    1.00782504
 H     1.0   -4.94105828    0.00000000   -1.58807588    1.00782504
 N     6.0   -1.71200423    0.00000000   -0.00356218   12.00000000
 C     6.0   -0.38704586    0.00000000   -2.28593503   12.00000000
 C     6.0    2.25529195    0.00000000   -2.27655277   12.00000000
 C     6.0    3.58566647    0.00000000   -0.00073896   12.00000000
 C     6.0    2.24421178    0.00000000    2.27785228   12.00000000
 C     6.0   -0.39003637    0.00000000    2.28560657   12.00000000
 O     8.0   -4.25259734    0.00000000    0.10848616   15.99491464
 H     1.0   -1.40574510    0.00000000   -4.05933149    1.00782504
 H     1.0    3.26107984    0.00000000   -4.05564638    1.00782504
 H     1.0    5.62830676    0.00000000    0.00215099    1.00782504
 H     1.0    3.24991878    0.00000000    4.05712303    1.00782504
 H     1.0   -1.44535307    0.00000000    4.03355046    1.00782504
 H     1.0   -4.94260792    0.00000000   -1.58804721    1.00782504
 N     6.0   -1.71198418    0.00000000   -0.00356212   12.00000000
 C     6.0   -0.38702598    0.00000000   -2.28593507   12.00000000
 C     6.0    2.25531184    0.00000000   -2.27655301   12.00000000
 C     6.0    3.58568652    0.00000000   -0.00073929   12.00000000
 C     6.0    2.24423200    0.00000000    2.27785205   12.00000000
 C     6.0   -0.39001614    0.00000000    2.28560654   12.00000000
 O     8.0   -4.25257728    0.00000000    0.10848641   15.99491464
 H     1.0   -1.40666662    0.00000000   -4.06097007    1.00782504
 H     1.0    3.26016959    0.00000000   -4.05400165    1.00782504
 H     1.0    5.62832682    0.00000000    0.00215050    1.00782504
 H     1.0    3.24993914    0.00000000    4.05712273    1.00782504
 H     1.0   -1.44533272    0.00000000    4.03355050    1.00782504
 H     1.0   -4.94258798    0.00000000   -1.58804691    1.00782504
 N     6.0   -1.71197389    0.00000000   -0.00354717   12.00000000
 C     6.0   -0.38701215    0.00000000   -2.28591807   12.00000000
 C     6.0    2.25532565    0.00000000   -2.27653191   12.00000000
 C     6.0    3.58569681    0.00000000   -0.00071614   12.00000000
 C     6.0    2.24423876    0.00000000    2.27787313   12.00000000
 C     6.0   -0.39000940    0.00000000    2.28562353   12.00000000
 O     8.0   -4.25256716    0.00000000    0.10849743   15.99491464
 H     1.0   -1.40665005    0.00000000   -4.06095465    1.00782504
 H     1.0    3.26111616    0.00000000   -4.05562404    1.00782504
 H     1.0    5.62644738    0.00000000    0.00217414    1.00782504
 H     1.0    3.24994314    0.00000000    4.05714536    1.00782504
 H     1.0   -1.44532868    0.00000000    4.03356586    1.00782504
 H     1.0   -4.94257524    0.00000000   -1.58803696    1.00782504
 N     6.0   -1.71198417    0.00000000   -0.00353221   12.00000000
 C     6.0   -0.38701899    0.00000000   -2.28590110   12.00000000
 C     6.0    2.25531879    0.00000000   -2.27651097   12.00000000
 C     6.0    3.58568653    0.00000000   -0.00069319   12.00000000
 C     6.0    2.24422505    0.00000000    2.27789405   12.00000000
 C     6.0   -0.39002312    0.00000000    2.28564049   12.00000000
 O     8.0   -4.25257761    0.00000000    0.10850857   15.99491464
 H     1.0   -1.40665422    0.00000000   -4.06093922    1.00782504
 H     1.0    3.26111198    0.00000000   -4.05560159    1.00782504
 H     1.0    5.62832681    0.00000000    0.00220284    1.00782504
 H     1.0    3.24899687    0.00000000    4.05552268    1.00782504
 H     1.0   -1.44534504    0.00000000    4.03358123    1.00782504
 H     1.0   -4.94258313    0.00000000   -1.58802686    1.00782504
 N     6.0   -1.71200460    0.00000000   -0.00353255   12.00000000
 C     6.0   -0.38703936    0.00000000   -2.28590141   12.00000000
 C     6.0    2.25529842    0.00000000   -2.27651121   12.00000000
 C     6.0    3.58566610    0.00000000   -0.00069339   12.00000000
 C     6.0    2.24420455    0.00000000    2.27789382   12.00000000
 C     6.0   -0.39004362    0.00000000    2.28564019   12.00000000
 O     8.0   -4.25259804    0.00000000    0.10850816   15.99491464
 H     1.0   -1.40667454    0.00000000   -4.06093955    1.00782504
 H     1.0    3.26109166    0.00000000   -4.05560179    1.00782504
 H     1.0    5.62830638    0.00000000    0.00220270    1.00782504
 H     1.0    3.24990620    0.00000000    4.05716759    1.00782504
 H     1.0   -1.44438887    0.00000000    4.03196315    1.00782504
 H     1.0   -4.94260352    0.00000000   -1.58802729    1.00782504
 N     6.0   -1.71200174    0.00000000   -0.00357925   12.00000000
 C     6.0   -0.38702265    0.00000000   -2.28594008   12.00000000
 C     6.0    2.25531507    0.00000000   -2.27653385   12.00000000
 C     6.0    3.58566894    0.00000000   -0.00070796   12.00000000
 C     6.0    2.24419358    0.00000000    2.27787111   12.00000000
 C     6.0   -0.39005464    0.00000000    2.28560150   12.00000000
 O     8.0   -4.25259586    0.00000000    0.10844604   15.99491464
 H     1.0   -1.40664706    0.00000000   -4.06098441    1.00782504
 H     1.0    3.26111911    0.00000000   -4.05561833    1.00782504
 H     1.0    5.62830921    0.00000000    0.00220052    1.00782504
 H     1.0    3.24988443    0.00000000    4.05715098    1.00782504
 H     1.0   -1.44538721    0.00000000    4.03353580    1.00782504
 H     1.0   -4.94187910    0.00000000   -1.58634311    1.00782504
 N     6.0   -1.71254198    0.00000000   -0.00354729   12.00000000
 C     6.0   -0.38692037    0.00000000   -2.28553512   12.00000000
 C     6.0    2.25541742    0.00000000   -2.27614741   12.00000000
 C     6.0    3.58644593    0.00000000   -0.00071590   12.00000000
 C     6.0    2.24433255    0.00000000    2.27748756   12.00000000
 C     6.0   -0.38991560    0.00000000    2.28524118   12.00000000
 O     8.0   -4.25313525    0.00000000    0.10849734   15.99491464
 H     1.0   -1.40630115    0.00000000   -4.06071940    1.00782504
 H     1.0    3.26095152    0.00000000   -4.05538450    1.00782504
 H     1.0    5.62908622    0.00000000    0.00217579    1.00782504
 H     1.0    3.24978215    0.00000000    4.05690380    1.00782504
 H     1.0   -1.44498111    0.00000000    4.03333672    1.00782504
 H     1.0   -4.94314335    0.00000000   -1.58803704    1.00782504
 N     6.0   -1.71199434    0.00000000   -0.00382979   12.00000000
 C     6.0   -0.38737658    0.00000000   -2.28640037   12.00000000
 C     6.0    2.25495795    0.00000000   -2.27609443   12.00000000
 C     6.0    3.58567638    0.00000000   -0.00048165   12.00000000
 C     6.0    2.24456485    0.00000000    2.27831162   12.00000000
 C     6.0   -0.38968602    0.00000000    2.28514236   12.00000000
 O     8.0   -4.25257075    0.00000000    0.10859705   15.99491464
 H     1.0   -1.40683929    0.00000000   -4.06153758    1.00782504
 H     1.0    3.26092238    0.00000000   -4.05508824    1.00782504
 H     1.0    5.62831711    0.00000000    0.00210014    1.00782504
 H     1.0    3.25009393    0.00000000    4.05768293    1.00782504
 H     1.0   -1.44517915    0.00000000    4.03297973    1.00782504
 H     1.0   -4.94283409    0.00000000   -1.58783352    1.00782504
 N     6.0   -1.71225251    0.00000000   -0.00354718   12.00000000
 C     6.0   -0.38682567    0.00000000   -2.28564807   12.00000000
 C     6.0    2.25551405    0.00000000   -2.27680377   12.00000000
 C     6.0    3.58542169    0.00000000   -0.00071703   12.00000000
 C     6.0    2.24442731    0.00000000    2.27814521   12.00000000
 C     6.0   -0.38982244    0.00000000    2.28535466   12.00000000
 O     8.0   -4.25284580    0.00000000    0.10849692   15.99491464
 H     1.0   -1.40646471    0.00000000   -4.06068400    1.00782504
 H     1.0    3.26130333    0.00000000   -4.05589659    1.00782504
 H     1.0    5.62806198    0.00000000    0.00217611    1.00782504
 H     1.0    3.25013003    0.00000000    4.05741838    1.00782504
 H     1.0   -1.44514344    0.00000000    4.03329595    1.00782504
 H     1.0   -4.94285355    0.00000000   -1.58803760    1.00782504
 N     6.0   -1.71199414   -0.00014565   -0.00354718   12.00000000
 C     6.0   -0.38703243   -0.00051695   -2.28591809   12.00000000
 C     6.0    2.25530537   -0.00010836   -2.27653197   12.00000000
 C     6.0    3.58567656    0.00067360   -0.00071621   12.00000000
 C     6.0    2.24421854   -0.00010611    2.27787307   12.00000000
 C     6.0   -0.39002962   -0.00051409    2.28562351   12.00000000
 O     8.0   -4.25258741    0.00056443    0.10849745   15.99491464
 H     1.0   -1.40667035   -0.00112089   -4.06095466    1.00782504
 H     1.0    3.26109586   -0.00040514   -4.05562411    1.00782504
 H     1.0    5.62831685    0.00186751    0.00217672    1.00782504
 H     1.0    3.24992294   -0.00039848    4.05714529    1.00782504
 H     1.0   -1.44534888   -0.00111368    4.03356585    1.00782504
 H     1.0   -4.94259551    0.00075652   -1.58803693    1.00782504
 N     6.0   -1.71199414    0.00000054   -0.00354718   12.00000000
 C     6.0   -0.38703243    0.00032586   -2.28591809   12.00000000
 C     6.0    2.25530537   -0.00033100   -2.27653197   12.00000000
 C     6.0    3.58567656    0.00000055   -0.00071621   12.00000000
 C     6.0    2.24421854    0.00033128    2.27787307   12.00000000
 C     6.0   -0.39002962   -0.00032510    2.28562351   12.00000000
 O     8.0   -4.25258741   -0.00001604    0.10849745   15.99491464
 H     1.0   -1.40667035    0.00108642   -4.06095466    1.00782504
 H     1.0    3.26109586   -0.00110088   -4.05562411    1.00782504
 H     1.0    5.62831685    0.00000191    0.00217672    1.00782504
 H     1.0    3.24992294    0.00110291    4.05714529    1.00782504
 H     1.0   -1.44534888   -0.00108649    4.03356585    1.00782504
 H     1.0   -4.94259551    0.00022537   -1.58803693    1.00782504
 N     6.0   -1.71199414    0.00011294   -0.00354718   12.00000000
 C     6.0   -0.38703243    0.00032128   -2.28591809   12.00000000
 C     6.0    2.25530537   -0.00019748   -2.27653197   12.00000000
 C     6.0    3.58567656    0.00000808   -0.00071621   12.00000000
 C     6.0    2.24421854   -0.00019835    2.27787307   12.00000000
 C     6.0   -0.39002962    0.00031937    2.28562351   12.00000000
 O     8.0   -4.25258741   -0.00028521    0.10849745   15.99491464
 H     1.0   -1.40667035    0.00088429   -4.06095466    1.00782504
 H     1.0    3.26109586   -0.00076130   -4.05562411    1.00782504
 H     1.0    5.62831685    0.00032305    0.00217672    1.00782504
 H     1.0    3.24992294   -0.00076433    4.05714529    1.00782504
 H     1.0   -1.44534888    0.00088156    4.03356585    1.00782504
 H     1.0   -4.94259551   -0.00039280   -1.58803693    1.00782504
 N     6.0   -1.71199502    0.00000000   -0.00411522   12.00000000
 C     6.0   -0.38672277    0.00000000   -2.28630586   12.00000000
 C     6.0    2.25561375    0.00000000   -2.27656023   12.00000000
 C     6.0    3.58567529    0.00000000   -0.00056346   12.00000000
 C     6.0    2.24390725    0.00000000    2.27784330   12.00000000
 C     6.0   -0.39034196    0.00000000    2.28523533   12.00000000
 O     8.0   -4.25252431    0.00000000    0.10938021   15.99491464
 H     1.0   -1.40611919    0.00000000   -4.06148116    1.00782504
 H     1.0    3.26164630    0.00000000   -4.05551552    1.00782504
 H     1.0    5.62831519    0.00000000    0.00260739    1.00782504
 H     1.0    3.24936957    0.00000000    4.05725236    1.00782504
 H     1.0   -1.44589904    0.00000000    4.03303409    1.00782504
 H     1.0   -4.94350121    0.00000000   -1.58676014    1.00782504
 N     6.0   -1.71199414    0.00095445   -0.00354718   12.00000000
 C     6.0   -0.38703243    0.00059150   -2.28591809   12.00000000
 C     6.0    2.25530537   -0.00014404   -2.27653197   12.00000000
 C     6.0    3.58567656   -0.00052022   -0.00071621   12.00000000
 C     6.0    2.24421854   -0.00015267    2.27787307   12.00000000
 C     6.0   -0.39002962    0.00058058    2.28562351   12.00000000
 O     8.0   -4.25258741   -0.00088170    0.10849745   15.99491464
 H     1.0   -1.40667035    0.00087990   -4.06095466    1.00782504
 H     1.0    3.26109586   -0.00041943   -4.05562411    1.00782504
 H     1.0    5.62831685   -0.00108882    0.00217672    1.00782504
 H     1.0    3.24992294   -0.00043720    4.05714529    1.00782504
 H     1.0   -1.44534888    0.00086984    4.03356585    1.00782504
 H     1.0   -4.94259551   -0.00140415   -1.58803693    1.00782504
 N     6.0   -1.71198066    0.00000000   -0.00356568   12.00000000
 C     6.0   -0.38700489    0.00000000   -2.28592843   12.00000000
 C     6.0    2.25533285    0.00000000   -2.27652603   12.00000000
 C     6.0    3.58569002    0.00000000   -0.00070208   12.00000000
 C     6.0    2.24421796    0.00000000    2.27787894   12.00000000
 C     6.0   -0.39003024    0.00000000    2.28561315   12.00000000
 O     8.0   -4.25257462    0.00000000    0.10846330   15.99491464
 H     1.0   -1.40788702    0.00000000   -4.06025029    1.00782504
 H     1.0    3.26113430    0.00000000   -4.05561198    1.00782504
 H     1.0    5.62833029    0.00000000    0.00220343    1.00782504
 H     1.0    3.24991140    0.00000000    4.05715735    1.00782504
 H     1.0   -1.44536027    0.00000000    4.03354899    1.00782504
 H     1.0   -4.94257227    0.00000000   -1.58807533    1.00782504
 N     6.0   -1.71199415    0.00002965   -0.00354719   12.00000000
 C     6.0   -0.38703244    0.00008389   -2.28591810   12.00000000
 C     6.0    2.25530536    0.00007217   -2.27653198   12.00000000
 C     6.0    3.58567655    0.00000657   -0.00071622   12.00000000
 C     6.0    2.24421854   -0.00004750    2.27787306   12.00000000
 C     6.0   -0.39002962   -0.00003627    2.28562350   12.00000000
 O     8.0   -4.25258742    0.00003773    0.10849744   15.99491464
 H     1.0   -1.40666986   -0.00191207   -4.06095383    1.00782504
 H     1.0    3.26109585    0.00011457   -4.05562412    1.00782504
 H     1.0    5.62831684   -0.00000237    0.00217671    1.00782504
 H     1.0    3.24992294   -0.00009864    4.05714528    1.00782504
 H     1.0   -1.44534888   -0.00007763    4.03356584    1.00782504
 H     1.0   -4.94259552    0.00008532   -1.58803693    1.00782504
 N     6.0   -1.71198063    0.00000000   -0.00355254   12.00000000
 C     6.0   -0.38700198    0.00000000   -2.28591362   12.00000000
 C     6.0    2.25533575    0.00000000   -2.27650789   12.00000000
 C     6.0    3.58569005    0.00000000   -0.00068226   12.00000000
 C     6.0    2.24421512    0.00000000    2.27789707   12.00000000
 C     6.0   -0.39003309    0.00000000    2.28562796   12.00000000
 O     8.0   -4.25257473    0.00000000    0.10847324   15.99491464
 H     1.0   -1.40662673    0.00000000   -4.06095775    1.00782504
 H     1.0    3.25988143    0.00000000   -4.05630377    1.00782504
 H     1.0    5.62833032    0.00000000    0.00222583    1.00782504
 H     1.0    3.24990632    0.00000000    4.05717675    1.00782504
 H     1.0   -1.44536532    0.00000000    4.03356247    1.00782504
 H     1.0   -4.94257024    0.00000000   -1.58806626    1.00782504
 N     6.0   -1.71199413    0.00000507   -0.00354719   12.00000000
 C     6.0   -0.38703243    0.00007774   -2.28591810   12.00000000
 C     6.0    2.25530537    0.00010308   -2.27653198   12.00000000
 C     6.0    3.58567657    0.00005631   -0.00071622   12.00000000
 C     6.0    2.24421855   -0.00001641    2.27787306   12.00000000
 C     6.0   -0.39002961   -0.00004213    2.28562350   12.00000000
 O     8.0   -4.25258740   -0.00002248    0.10849744   15.99491464
 H     1.0   -1.40667035    0.00011440   -4.06095467    1.00782504
 H     1.0    3.26109537   -0.00188427   -4.05562329    1.00782504
 H     1.0    5.62831686    0.00007602    0.00217671    1.00782504
 H     1.0    3.24992295   -0.00005330    4.05714528    1.00782504
 H     1.0   -1.44534887   -0.00009818    4.03356584    1.00782504
 H     1.0   -4.94259551    0.00001531   -1.58803694    1.00782504
 N     6.0   -1.71199413    0.00000000   -0.00354588   12.00000000
 C     6.0   -0.38701392    0.00000000   -2.28590605   12.00000000
 C     6.0    2.25532380    0.00000000   -2.27649852   12.00000000
 C     6.0    3.58567655    0.00000000   -0.00067198   12.00000000
 C     6.0    2.24420007    0.00000000    2.27790643   12.00000000
 C     6.0   -0.39004815    0.00000000    2.28563553   12.00000000
 O     8.0   -4.25258830    0.00000000    0.10847817   15.99491464
 H     1.0   -1.40663746    0.00000000   -4.06095088    1.00782504
 H     1.0    3.26112870    0.00000000   -4.05558251    1.00782504
 H     1.0    5.62831886    0.00000000    0.00079313    1.00782504
 H     1.0    3.24989005    0.00000000    4.05718680    1.00782504
 H     1.0   -1.44538158    0.00000000    4.03356932    1.00782504
 H     1.0   -4.94258266    0.00000000   -1.58806180    1.00782504
 N     6.0   -1.71199413   -0.00000747   -0.00354718   12.00000000
 C     6.0   -0.38703242    0.00001476   -2.28591809   12.00000000
 C     6.0    2.25530538    0.00005911   -2.27653197   12.00000000
 C     6.0    3.58567657    0.00008144   -0.00071621   12.00000000
 C     6.0    2.24421855    0.00005895    2.27787307   12.00000000
 C     6.0   -0.39002961    0.00001473    2.28562351   12.00000000
 O     8.0   -4.25258740   -0.00005012    0.10849745   15.99491464
 H     1.0   -1.40667034   -0.00000236   -4.06095466    1.00782504
 H     1.0    3.26109587    0.00007600   -4.05562411    1.00782504
 H     1.0    5.62831587   -0.00192694    0.00217672    1.00782504
 H     1.0    3.24992295    0.00007585    4.05714529    1.00782504
 H     1.0   -1.44534887   -0.00000297    4.03356585    1.00782504
 H     1.0   -4.94259550   -0.00006173   -1.58803693    1.00782504
 N     6.0   -1.71200759    0.00000000   -0.00355253   12.00000000
 C     6.0   -0.38702896    0.00000000   -2.28591361   12.00000000
 C     6.0    2.25530877    0.00000000   -2.27650791   12.00000000
 C     6.0    3.58566309    0.00000000   -0.00068229   12.00000000
 C     6.0    2.24418818    0.00000000    2.27789705   12.00000000
 C     6.0   -0.39006004    0.00000000    2.28562796   12.00000000
 O     8.0   -4.25260169    0.00000000    0.10847327   15.99491464
 H     1.0   -1.40665372    0.00000000   -4.06095774    1.00782504
 H     1.0    3.26111245    0.00000000   -4.05559259    1.00782504
 H     1.0    5.62830336    0.00000000    0.00222579    1.00782504
 H     1.0    3.25113752    0.00000000    4.05646559    1.00782504
 H     1.0   -1.44539226    0.00000000    4.03356248    1.00782504
 H     1.0   -4.94259722    0.00000000   -1.58806622    1.00782504
 N     6.0   -1.71199413    0.00000491   -0.00354717   12.00000000
 C     6.0   -0.38703242   -0.00004214   -2.28591808   12.00000000
 C     6.0    2.25530538   -0.00001637   -2.27653196   12.00000000
 C     6.0    3.58567657    0.00005610   -0.00071620   12.00000000
 C     6.0    2.24421854    0.00010287    2.27787308   12.00000000
 C     6.0   -0.39002962    0.00007766    2.28562352   12.00000000
 O     8.0   -4.25258740   -0.00001665    0.10849746   15.99491464
 H     1.0   -1.40667034   -0.00009854   -4.06095465    1.00782504
 H     1.0    3.26109587   -0.00005327   -4.05562410    1.00782504
 H     1.0    5.62831685    0.00007588    0.00217673    1.00782504
 H     1.0    3.24992245   -0.00188463    4.05714447    1.00782504
 H     1.0   -1.44534888    0.00011330    4.03356586    1.00782504
 H     1.0   -4.94259550   -0.00006777   -1.58803692    1.00782504
 N     6.0   -1.71198092    0.00000000   -0.00352849   12.00000000
 C     6.0   -0.38703316    0.00000000   -2.28590750   12.00000000
 C     6.0    2.25530470    0.00000000   -2.27653753   12.00000000
 C     6.0    3.58568980    0.00000000   -0.00072990   12.00000000
 C     6.0    2.24424570    0.00000000    2.27786758   12.00000000
 C     6.0   -0.39000241    0.00000000    2.28563412   12.00000000
 O     8.0   -4.25257351    0.00000000    0.10853166   15.99491464
 H     1.0   -1.40668193    0.00000000   -4.06093784    1.00782504
 H     1.0    3.26108432    0.00000000   -4.05563581    1.00782504
 H     1.0    5.62833010    0.00000000    0.00215055    1.00782504
 H     1.0    3.24996098    0.00000000    4.05713365    1.00782504
 H     1.0   -1.44654697    0.00000000    4.03283668    1.00782504
 H     1.0   -4.94259197    0.00000000   -1.58799850    1.00782504
 N     6.0   -1.71199415   -0.00002956   -0.00354717   12.00000000
 C     6.0   -0.38703243    0.00003576   -2.28591808   12.00000000
 C     6.0    2.25530537    0.00004728   -2.27653196   12.00000000
 C     6.0    3.58567655   -0.00000604   -0.00071620   12.00000000
 C     6.0    2.24421853   -0.00007134    2.27787308   12.00000000
 C     6.0   -0.39002963   -0.00008327    2.28562352   12.00000000
 O     8.0   -4.25258742   -0.00004379    0.10849746   15.99491464
 H     1.0   -1.40667035    0.00007744   -4.06095465    1.00782504
 H     1.0    3.26109586    0.00009808   -4.05562410    1.00782504
 H     1.0    5.62831684    0.00000298    0.00217673    1.00782504
 H     1.0    3.24992293   -0.00011318    4.05714530    1.00782504
 H     1.0   -1.44534839    0.00190834    4.03356502    1.00782504
 H     1.0   -4.94259551   -0.00000268   -1.58803692    1.00782504
 N     6.0   -1.71201235    0.00000000   -0.00352902   12.00000000
 C     6.0   -0.38706468    0.00000000   -2.28590808   12.00000000
 C     6.0    2.25527318    0.00000000   -2.27653822   12.00000000
 C     6.0    3.58565837    0.00000000   -0.00073065   12.00000000
 C     6.0    2.24421437    0.00000000    2.27786689   12.00000000
 C     6.0   -0.39003374    0.00000000    2.28563353   12.00000000
 O     8.0   -4.25260493    0.00000000    0.10853124   15.99491464
 H     1.0   -1.40671352    0.00000000   -4.06093838    1.00782504
 H     1.0    3.26105272    0.00000000   -4.05563655    1.00782504
 H     1.0    5.62829868    0.00000000    0.00214972    1.00782504
 H     1.0    3.24992971    0.00000000    4.05713292    1.00782504
 H     1.0   -1.44534225    0.00000000    4.03358237    1.00782504
 H     1.0   -4.94092693    0.00000000   -1.58868891    1.00782504
 N     6.0   -1.71199414   -0.00004062   -0.00354718   12.00000000
 C     6.0   -0.38703243   -0.00004366   -2.28591809   12.00000000
 C     6.0    2.25530537   -0.00001021   -2.27653197   12.00000000
 C     6.0    3.58567656    0.00002630   -0.00071621   12.00000000
 C     6.0    2.24421854    0.00002911    2.27787307   12.00000000
 C     6.0   -0.39002962   -0.00000409    2.28562351   12.00000000
 O     8.0   -4.25258741   -0.00007173    0.10849745   15.99491464
 H     1.0   -1.40667035   -0.00007191   -4.06095466    1.00782504
 H     1.0    3.26109586   -0.00001293   -4.05562411    1.00782504
 H     1.0    5.62831685    0.00005212    0.00217672    1.00782504
 H     1.0    3.24992294    0.00005722    4.05714529    1.00782504
 H     1.0   -1.44534888   -0.00000227    4.03356585    1.00782504
 H     1.0   -4.94259551    0.00163015   -1.58803693    1.00782504
