 C      7.   -2.08228964    0.00000000    0.00000000   12.00000000
 C      6.   -0.78365897    0.00000000    2.30201257   12.00000000
 C      6.    1.85346462    0.00000000    2.28008434   12.00000000
 C      6.    3.18354688    0.00000000    0.00000000   12.00000000
 C      6.    1.85346462    0.00000000   -2.28008434   12.00000000
 C      6.   -0.78365897    0.00000000   -2.30201257   12.00000000
 O      8.   -4.61328815    0.00000000    0.00000000   15.99491464
 H      1.   -1.82546602    0.00000000    4.05888798    1.00782504
 H      1.    2.86358947    0.00000000    4.05734155    1.00782504
 H      1.    5.22678407    0.00000000    0.00000000    1.00782504
 H      1.    2.86358947    0.00000000   -4.05734155    1.00782504
 H      1.   -1.82546602    0.00000000   -4.05888798    1.00782504
 H      1.   30.00000000    0.00000000    0.00000000    1.00782504
 C     7.0   -2.08195601    0.00000000    0.00047641   12.00000000
 C     6.0   -0.78417971    0.00000000    2.30080127   12.00000000
 C     6.0    1.85295223    0.00000000    2.27987826   12.00000000
 C     6.0    3.18342310    0.00000000    0.00002061   12.00000000
 C     6.0    1.85372945    0.00000000   -2.28029042   12.00000000
 C     6.0   -0.78339947    0.00000000   -2.30157798   12.00000000
 O     8.0   -4.61295452    0.00000000    0.00055790   15.99491464
 H     1.0   -1.82629332    0.00000000    4.05749489    1.00782504
 H     1.0    2.86258690    0.00000000    4.05741407    1.00782504
 H     1.0    5.22666029    0.00000000    0.00036885    1.00782504
 H     1.0    2.86378987    0.00000000   -4.05758425    1.00782504
 H     1.0   -1.82544821    0.00000000   -4.05831007    1.00782504
 H     1.0   30.00000000    0.00000000    0.00000000    1.00782504
 C     7.0   -2.08189341    0.00000000   -0.00003472   12.00000000
 C     6.0   -0.78289298    0.00000000    2.30176925   12.00000000
 C     6.0    1.85234189    0.00000000    2.27996906   12.00000000
 C     6.0    3.18299821    0.00000000    0.00021960   12.00000000
 C     6.0    1.85349001    0.00000000   -2.28019962   12.00000000
 C     6.0   -0.78363251    0.00000000   -2.30225589   12.00000000
 O     8.0   -4.61289192    0.00000000    0.00037183   15.99491464
 H     1.0   -1.82459634    0.00000000    4.05870615    1.00782504
 H     1.0    2.86220515    0.00000000    4.05737494    1.00782504
 H     1.0    5.22623540    0.00000000    0.00073403    1.00782504
 H     1.0    2.86388174    0.00000000   -4.05730515    1.00782504
 H     1.0   -1.82553801    0.00000000   -4.05907292    1.00782504
 H     1.0   30.00000000    0.00000000    0.00000000    1.00782504
 C     7.0   -2.08223207    0.00000000   -0.00011478   12.00000000
 C     6.0   -0.78339553    0.00000000    2.30178165   12.00000000
 C     6.0    1.85372159    0.00000000    2.27907544   12.00000000
 C     6.0    3.18312156    0.00000000    0.00078084   12.00000000
 C     6.0    1.85330921    0.00000000   -2.27946095   12.00000000
 C     6.0   -0.78380728    0.00000000   -2.30224349   12.00000000
 O     8.0   -4.61323058    0.00000000    0.00011158   15.99491464
 H     1.0   -1.82486487    0.00000000    4.05885732    1.00782504
 H     1.0    2.86400341    0.00000000    4.05624343    1.00782504
 H     1.0    5.22635875    0.00000000    0.00102271    1.00782504
 H     1.0    2.86382712    0.00000000   -4.05649475    1.00782504
 H     1.0   -1.82540832    0.00000000   -4.05924106    1.00782504
 H     1.0   30.00000000    0.00000000    0.00000000    1.00782504
 C     7.0   -2.08223207    0.00000000    0.00011478   12.00000000
 C     6.0   -0.78380728    0.00000000    2.30224349   12.00000000
 C     6.0    1.85330921    0.00000000    2.27946095   12.00000000
 C     6.0    3.18312156    0.00000000   -0.00078084   12.00000000
 C     6.0    1.85372159    0.00000000   -2.27907544   12.00000000
 C     6.0   -0.78339553    0.00000000   -2.30178165   12.00000000
 O     8.0   -4.61323058    0.00000000   -0.00011158   15.99491464
 H     1.0   -1.82540832    0.00000000    4.05924106    1.00782504
 H     1.0    2.86382712    0.00000000    4.05649475    1.00782504
 H     1.0    5.22635875    0.00000000   -0.00102271    1.00782504
 H     1.0    2.86400341    0.00000000   -4.05624343    1.00782504
 H     1.0   -1.82486487    0.00000000   -4.05885732    1.00782504
 H     1.0   30.00000000    0.00000000    0.00000000    1.00782504
 C     7.0   -2.08195601    0.00000000   -0.00047641   12.00000000
 C     6.0   -0.78339947    0.00000000    2.30157798   12.00000000
 C     6.0    1.85372945    0.00000000    2.28029042   12.00000000
 C     6.0    3.18342310    0.00000000   -0.00002061   12.00000000
 C     6.0    1.85295223    0.00000000   -2.27987826   12.00000000
 C     6.0   -0.78417971    0.00000000   -2.30080127   12.00000000
 O     8.0   -4.61295452    0.00000000   -0.00055790   15.99491464
 H     1.0   -1.82544821    0.00000000    4.05831007    1.00782504
 H     1.0    2.86378987    0.00000000    4.05758425    1.00782504
 H     1.0    5.22666029    0.00000000   -0.00036885    1.00782504
 H     1.0    2.86258690    0.00000000   -4.05741407    1.00782504
 H     1.0   -1.82629332    0.00000000   -4.05749489    1.00782504
 H     1.0   30.00000000    0.00000000    0.00000000    1.00782504
 C     7.0   -2.08189341    0.00000000    0.00003472   12.00000000
 C     6.0   -0.78363251    0.00000000    2.30225589   12.00000000
 C     6.0    1.85349001    0.00000000    2.28019962   12.00000000
 C     6.0    3.18299821    0.00000000   -0.00021960   12.00000000
 C     6.0    1.85234189    0.00000000   -2.27996906   12.00000000
 C     6.0   -0.78289298    0.00000000   -2.30176925   12.00000000
 O     8.0   -4.61289192    0.00000000   -0.00037183   15.99491464
 H     1.0   -1.82553801    0.00000000    4.05907292    1.00782504
 H     1.0    2.86388174    0.00000000    4.05730515    1.00782504
 H     1.0    5.22623540    0.00000000   -0.00073403    1.00782504
 H     1.0    2.86220515    0.00000000   -4.05737494    1.00782504
 H     1.0   -1.82459634    0.00000000   -4.05870615    1.00782504
 H     1.0   30.00000000    0.00000000    0.00000000    1.00782504
 C     7.0   -2.08261453    0.00000000    0.00000000   12.00000000
 C     6.0   -0.78398386    0.00000000    2.30201257   12.00000000
 C     6.0    1.85313973    0.00000000    2.28008434   12.00000000
 C     6.0    3.18322199    0.00000000    0.00000000   12.00000000
 C     6.0    1.85313973    0.00000000   -2.28008434   12.00000000
 C     6.0   -0.78398386    0.00000000   -2.30201257   12.00000000
 O     8.0   -4.61172332    0.00000000    0.00000000   15.99491464
 H     1.0   -1.82579091    0.00000000    4.05888798    1.00782504
 H     1.0    2.86326458    0.00000000    4.05734155    1.00782504
 H     1.0    5.22645918    0.00000000    0.00000000    1.00782504
 H     1.0    2.86326458    0.00000000   -4.05734155    1.00782504
 H     1.0   -1.82579091    0.00000000   -4.05888798    1.00782504
 H     1.0   30.00000000    0.00000000    0.00000000    1.00782504
 C     7.0   -2.08230008    0.00000000    0.00001497   12.00000000
 C     6.0   -0.78367281    0.00000000    2.30202946   12.00000000
 C     6.0    1.85345081    0.00000000    2.28010513   12.00000000
 C     6.0    3.18353644    0.00000000    0.00002275   12.00000000
 C     6.0    1.85345755    0.00000000   -2.28006355   12.00000000
 C     6.0   -0.78366601    0.00000000   -2.30199568   12.00000000
 O     8.0   -4.61329859    0.00000000    0.00001123   15.99491464
 H     1.0   -1.82451860    0.00000000    4.05727789    1.00782504
 H     1.0    2.86357303    0.00000000    4.05736383    1.00782504
 H     1.0    5.22677363    0.00000000    0.00002577    1.00782504
 H     1.0    2.86358503    0.00000000   -4.05731927    1.00782504
 H     1.0   -1.82547046    0.00000000   -4.05887263    1.00782504
 H     1.0   30.00000000    0.00000000    0.00000000    1.00782504
 C     7.0   -2.08227952    0.00000000    0.00001520   12.00000000
 C     6.0   -0.78365220    0.00000000    2.30202966   12.00000000
 C     6.0    1.85347142    0.00000000    2.28010526   12.00000000
 C     6.0    3.18355700    0.00000000    0.00002286   12.00000000
 C     6.0    1.85347805    0.00000000   -2.28006342   12.00000000
 C     6.0   -0.78364551    0.00000000   -2.30199548   12.00000000
 O     8.0   -4.61327803    0.00000000    0.00001152   15.99491464
 H     1.0   -1.82546180    0.00000000    4.05890355    1.00782504
 H     1.0    2.86265992    0.00000000    4.05572103    1.00782504
 H     1.0    5.22679419    0.00000000    0.00002583    1.00782504
 H     1.0    2.86360548    0.00000000   -4.05731916    1.00782504
 H     1.0   -1.82545000    0.00000000   -4.05887241    1.00782504
 H     1.0   30.00000000    0.00000000    0.00000000    1.00782504
 C     7.0   -2.08226917    0.00000000    0.00000000   12.00000000
 C     6.0   -0.78363850    0.00000000    2.30201257   12.00000000
 C     6.0    1.85348509    0.00000000    2.28008434   12.00000000
 C     6.0    3.18356735    0.00000000    0.00000000   12.00000000
 C     6.0    1.85348509    0.00000000   -2.28008434   12.00000000
 C     6.0   -0.78363850    0.00000000   -2.30201257   12.00000000
 O     8.0   -4.61326768    0.00000000    0.00000000   15.99491464
 H     1.0   -1.82544555    0.00000000    4.05888798    1.00782504
 H     1.0    2.86360994    0.00000000    4.05734155    1.00782504
 H     1.0    5.22491481    0.00000000    0.00000000    1.00782504
 H     1.0    2.86360994    0.00000000   -4.05734155    1.00782504
 H     1.0   -1.82544555    0.00000000   -4.05888798    1.00782504
 H     1.0   30.00000000    0.00000000    0.00000000    1.00782504
 C     7.0   -2.08227952    0.00000000   -0.00001520   12.00000000
 C     6.0   -0.78364551    0.00000000    2.30199548   12.00000000
 C     6.0    1.85347805    0.00000000    2.28006342   12.00000000
 C     6.0    3.18355700    0.00000000   -0.00002286   12.00000000
 C     6.0    1.85347142    0.00000000   -2.28010526   12.00000000
 C     6.0   -0.78365220    0.00000000   -2.30202966   12.00000000
 O     8.0   -4.61327803    0.00000000   -0.00001152   15.99491464
 H     1.0   -1.82545000    0.00000000    4.05887241    1.00782504
 H     1.0    2.86360548    0.00000000    4.05731916    1.00782504
 H     1.0    5.22679419    0.00000000   -0.00002583    1.00782504
 H     1.0    2.86265992    0.00000000   -4.05572103    1.00782504
 H     1.0   -1.82546180    0.00000000   -4.05890355    1.00782504
 H     1.0   30.00000000    0.00000000    0.00000000    1.00782504
 C     7.0   -2.08230008    0.00000000   -0.00001497   12.00000000
 C     6.0   -0.78366601    0.00000000    2.30199568   12.00000000
 C     6.0    1.85345755    0.00000000    2.28006355   12.00000000
 C     6.0    3.18353644    0.00000000   -0.00002275   12.00000000
 C     6.0    1.85345081    0.00000000   -2.28010513   12.00000000
 C     6.0   -0.78367281    0.00000000   -2.30202946   12.00000000
 O     8.0   -4.61329859    0.00000000   -0.00001123   15.99491464
 H     1.0   -1.82547046    0.00000000    4.05887263    1.00782504
 H     1.0    2.86358503    0.00000000    4.05731927    1.00782504
 H     1.0    5.22677363    0.00000000   -0.00002577    1.00782504
 H     1.0    2.86357303    0.00000000   -4.05736383    1.00782504
 H     1.0   -1.82451860    0.00000000   -4.05727789    1.00782504
 H     1.0   30.00000000    0.00000000    0.00000000    1.00782504
 C     7.0   -2.08309665    0.00000000    0.00000000   12.00000000
 C     6.0   -0.78331497    0.00000000    2.30136325   12.00000000
 C     6.0    1.85381401    0.00000000    2.28008434   12.00000000
 C     6.0    3.18389627    0.00000000    0.00000000   12.00000000
 C     6.0    1.85381401    0.00000000   -2.28008434   12.00000000
 C     6.0   -0.78331497    0.00000000   -2.30136325   12.00000000
 O     8.0   -4.61409516    0.00000000    0.00000000   15.99491464
 H     1.0   -1.82489910    0.00000000    4.05837086    1.00782504
 H     1.0    2.86372007    0.00000000    4.05746591    1.00782504
 H     1.0    5.22713346    0.00000000    0.00000000    1.00782504
 H     1.0    2.86372007    0.00000000   -4.05746591    1.00782504
 H     1.0   -1.82489910    0.00000000   -4.05837086    1.00782504
 H     1.0   30.00000000    0.00000000    0.00000000    1.00782504
 C     7.0   -2.08244675    0.00000000    0.00000000   12.00000000
 C     6.0   -0.78381608    0.00000000    2.30201257   12.00000000
 C     6.0    1.85330198    0.00000000    2.27941930   12.00000000
 C     6.0    3.18452429    0.00000000    0.00000000   12.00000000
 C     6.0    1.85330198    0.00000000   -2.27941930   12.00000000
 C     6.0   -0.78381608    0.00000000   -2.30201257   12.00000000
 O     8.0   -4.61344526    0.00000000    0.00000000   15.99491464
 H     1.0   -1.82540160    0.00000000    4.05901934    1.00782504
 H     1.0    2.86320662    0.00000000    4.05680167    1.00782504
 H     1.0    5.22776148    0.00000000    0.00000000    1.00782504
 H     1.0    2.86320662    0.00000000   -4.05680167    1.00782504
 H     1.0   -1.82540160    0.00000000   -4.05901934    1.00782504
 H     1.0   30.00000000    0.00000000    0.00000000    1.00782504
 C     7.0   -2.08228964    0.00000000    0.00027977   12.00000000
 C     6.0   -0.78400621    0.00000000    2.30248822   12.00000000
 C     6.0    1.85310978    0.00000000    2.27964552   12.00000000
 C     6.0    3.18354688    0.00000000   -0.00023182   12.00000000
 C     6.0    1.85381946    0.00000000   -2.28052316   12.00000000
 C     6.0   -0.78331173    0.00000000   -2.30153692   12.00000000
 O     8.0   -4.61328815    0.00000000   -0.00010201   15.99491464
 H     1.0   -1.82564115    0.00000000    4.05946569    1.00782504
 H     1.0    2.86340448    0.00000000    4.05680620    1.00782504
 H     1.0    5.22678407    0.00000000    0.00008616    1.00782504
 H     1.0    2.86377446    0.00000000   -4.05787690    1.00782504
 H     1.0   -1.82529089    0.00000000   -4.05831027    1.00782504
 H     1.0   30.00000000    0.00000000    0.00000000    1.00782504
 C     7.0   -2.08228964    0.00000000    0.00053476   12.00000000
 C     6.0   -0.78336634    0.00000000    2.30238225   12.00000000
 C     6.0    1.85375446    0.00000000    2.28011880   12.00000000
 C     6.0    3.18354688    0.00000000   -0.00013462   12.00000000
 C     6.0    1.85317478    0.00000000   -2.28004988   12.00000000
 C     6.0   -0.78395160    0.00000000   -2.30164289   12.00000000
 O     8.0   -4.61328815    0.00000000   -0.00093319   15.99491464
 H     1.0   -1.82495006    0.00000000    4.05939009    1.00782504
 H     1.0    2.86410523    0.00000000    4.05724760    1.00782504
 H     1.0    5.22678407    0.00000000   -0.00039435    1.00782504
 H     1.0    2.86307371    0.00000000   -4.05743550    1.00782504
 H     1.0   -1.82598198    0.00000000   -4.05838587    1.00782504
 H     1.0   30.00000000    0.00000000    0.00000000    1.00782504
 C     7.0   -2.08227618    0.00000000    0.00001940   12.00000000
 C     6.0   -0.78363079    0.00000000    2.30202367   12.00000000
 C     6.0    1.85349266    0.00000000    2.28007857   12.00000000
 C     6.0    3.18356034    0.00000000   -0.00001427   12.00000000
 C     6.0    1.85346350    0.00000000   -2.28009011   12.00000000
 C     6.0   -0.78366023    0.00000000   -2.30200147   12.00000000
 O     8.0   -4.61327469    0.00000000    0.00003559   15.99491464
 H     1.0   -1.82666890    0.00000000    4.05816907    1.00782504
 H     1.0    2.86362887    0.00000000    4.05732932    1.00782504
 H     1.0    5.22679753    0.00000000   -0.00002734    1.00782504
 H     1.0    2.86357698    0.00000000   -4.05735378    1.00782504
 H     1.0   -1.82547852    0.00000000   -4.05887022    1.00782504
 H     1.0   30.00000000    0.00000000    0.00000000    1.00782504
 C     7.0   -2.08227603    0.00000000    0.00000588   12.00000000
 C     6.0   -0.78362780    0.00000000    2.30200855   12.00000000
 C     6.0    1.85349562    0.00000000    2.28006021   12.00000000
 C     6.0    3.18356049    0.00000000   -0.00003427   12.00000000
 C     6.0    1.85346085    0.00000000   -2.28010847   12.00000000
 C     6.0   -0.78366291    0.00000000   -2.30201659   12.00000000
 O     8.0   -4.61327454    0.00000000    0.00002518   15.99491464
 H     1.0   -1.82542146    0.00000000    4.05889190    1.00782504
 H     1.0    2.86237731    0.00000000    4.05802399    1.00782504
 H     1.0    5.22679768    0.00000000   -0.00004985    1.00782504
 H     1.0    2.86357215    0.00000000   -4.05737338    1.00782504
 H     1.0   -1.82548336    0.00000000   -4.05888406    1.00782504
 H     1.0   30.00000000    0.00000000    0.00000000    1.00782504
 C     7.0   -2.08228964    0.00000000   -0.00000088   12.00000000
 C     6.0   -0.78363993    0.00000000    2.30200095   12.00000000
 C     6.0    1.85348348    0.00000000    2.28005091   12.00000000
 C     6.0    3.18354688    0.00000000   -0.00004443   12.00000000
 C     6.0    1.85344576    0.00000000   -2.28011777   12.00000000
 C     6.0   -0.78367801    0.00000000   -2.30202419   12.00000000
 O     8.0   -4.61328815    0.00000000    0.00002006   15.99491464
 H     1.0   -1.82543245    0.00000000    4.05888498    1.00782504
 H     1.0    2.86362303    0.00000000    4.05729976    1.00782504
 H     1.0    5.22678407    0.00000000    0.00138345    1.00782504
 H     1.0    2.86355591    0.00000000   -4.05738334    1.00782504
 H     1.0   -1.82549959    0.00000000   -4.05889098    1.00782504
 H     1.0   30.00000000    0.00000000    0.00000000    1.00782504
 C     7.0   -2.08230325    0.00000000    0.00000588   12.00000000
 C     6.0   -0.78365503    0.00000000    2.30200855   12.00000000
 C     6.0    1.85346839    0.00000000    2.28006021   12.00000000
 C     6.0    3.18353327    0.00000000   -0.00003427   12.00000000
 C     6.0    1.85343362    0.00000000   -2.28010847   12.00000000
 C     6.0   -0.78369014    0.00000000   -2.30201659   12.00000000
 O     8.0   -4.61330176    0.00000000    0.00002518   15.99491464
 H     1.0   -1.82544868    0.00000000    4.05889190    1.00782504
 H     1.0    2.86360679    0.00000000    4.05730972    1.00782504
 H     1.0    5.22677046    0.00000000   -0.00004985    1.00782504
 H     1.0    2.86480163    0.00000000   -4.05665911    1.00782504
 H     1.0   -1.82551058    0.00000000   -4.05888406    1.00782504
 H     1.0   30.00000000    0.00000000    0.00000000    1.00782504
 C     7.0   -2.08227618    0.00000000   -0.00001940   12.00000000
 C     6.0   -0.78366023    0.00000000    2.30200147   12.00000000
 C     6.0    1.85346350    0.00000000    2.28009011   12.00000000
 C     6.0    3.18356034    0.00000000    0.00001427   12.00000000
 C     6.0    1.85349266    0.00000000   -2.28007857   12.00000000
 C     6.0   -0.78363079    0.00000000   -2.30202367   12.00000000
 O     8.0   -4.61327469    0.00000000   -0.00003559   15.99491464
 H     1.0   -1.82547852    0.00000000    4.05887022    1.00782504
 H     1.0    2.86357698    0.00000000    4.05735378    1.00782504
 H     1.0    5.22679753    0.00000000    0.00002734    1.00782504
 H     1.0    2.86362887    0.00000000   -4.05732932    1.00782504
 H     1.0   -1.82666890    0.00000000   -4.05816907    1.00782504
 H     1.0   30.00000000    0.00000000    0.00000000    1.00782504
 C     7.0   -2.08228949    0.00000082    0.00000000   12.00000000
 C     6.0   -0.78365883    0.00017777    2.30201257   12.00000000
 C     6.0    1.85346474    0.00053710    2.28008434   12.00000000
 C     6.0    3.18354607   -0.00103347    0.00000000   12.00000000
 C     6.0    1.85346474    0.00053710   -2.28008434   12.00000000
 C     6.0   -0.78365883    0.00017777   -2.30201257   12.00000000
 O     8.0   -4.61328797   -0.00034404    0.00000000   15.99491464
 H     1.0   -1.82546587    0.00003582    4.05888798    1.00782504
 H     1.0    2.86358984    0.00205335    4.05734076    1.00782504
 H     1.0    5.22678184   -0.00344614    0.00000000    1.00782504
 H     1.0    2.86358984    0.00205335   -4.05734076    1.00782504
 H     1.0   -1.82546587    0.00003582   -4.05888798    1.00782504
 H     1.0   30.00000000    0.00000000    0.00000000    1.00782504
 C     7.0   -2.08228964    0.00038842    0.00000000   12.00000000
 C     6.0   -0.78365897    0.00133788    2.30201257   12.00000000
 C     6.0    1.85346462   -0.00019175    2.28008434   12.00000000
 C     6.0    3.18354688   -0.00096325    0.00000000   12.00000000
 C     6.0    1.85346462   -0.00019175   -2.28008434   12.00000000
 C     6.0   -0.78365897    0.00133788   -2.30201257   12.00000000
 O     8.0   -4.61328815   -0.00146206    0.00000000   15.99491464
 H     1.0   -1.82546602    0.00322923    4.05888798    1.00782504
 H     1.0    2.86358947   -0.00077766    4.05734155    1.00782504
 H     1.0    5.22678407   -0.00214841    0.00000000    1.00782504
 H     1.0    2.86358947   -0.00077766   -4.05734155    1.00782504
 H     1.0   -1.82546602    0.00322923   -4.05888798    1.00782504
 H     1.0   30.00000000    0.00000000    0.00000000    1.00782504
 C     7.0   -2.08228964   -0.00000556    0.00000000   12.00000000
 C     6.0   -0.78365897   -0.00035214    2.30201257   12.00000000
 C     6.0    1.85346462    0.00032641    2.28008434   12.00000000
 C     6.0    3.18354688    0.00002779    0.00000000   12.00000000
 C     6.0    1.85346462   -0.00033551   -2.28008434   12.00000000
 C     6.0   -0.78365897    0.00030907   -2.30201257   12.00000000
 O     8.0   -4.61328815    0.00002557    0.00000000   15.99491464
 H     1.0   -1.82546602   -0.00113475    4.05888798    1.00782504
 H     1.0    2.86358947    0.00109066    4.05734155    1.00782504
 H     1.0    5.22678407    0.00007747    0.00000000    1.00782504
 H     1.0    2.86358947   -0.00112416   -4.05734155    1.00782504
 H     1.0   -1.82546602    0.00104146   -4.05888798    1.00782504
 H     1.0   30.00000000    0.00000000    0.00000000    1.00782504
 C     7.0   -2.08228964   -0.00091261    0.00000000   12.00000000
 C     6.0   -0.78365897   -0.00056549    2.30201257   12.00000000
 C     6.0    1.85346462    0.00013940    2.28008434   12.00000000
 C     6.0    3.18354688    0.00049492    0.00000000   12.00000000
 C     6.0    1.85346462    0.00013940   -2.28008434   12.00000000
 C     6.0   -0.78365897   -0.00056549   -2.30201257   12.00000000
 O     8.0   -4.61328815    0.00094187    0.00000000   15.99491464
 H     1.0   -1.82546602   -0.00084396    4.05888798    1.00782504
 H     1.0    2.86358947    0.00040940    4.05734155    1.00782504
 H     1.0    5.22678407    0.00104107    0.00000000    1.00782504
 H     1.0    2.86358947    0.00040940   -4.05734155    1.00782504
 H     1.0   -1.82546602   -0.00084396   -4.05888798    1.00782504
 H     1.0   30.00000000    0.00000000    0.00000000    1.00782504
 C     7.0   -2.08228965   -0.00003073    0.00000001   12.00000000
 C     6.0   -0.78365898   -0.00008489    2.30201258   12.00000000
 C     6.0    1.85346461   -0.00007162    2.28008435   12.00000000
 C     6.0    3.18354687   -0.00000537    0.00000001   12.00000000
 C     6.0    1.85346462    0.00004807   -2.28008433   12.00000000
 C     6.0   -0.78365897    0.00003594   -2.30201256   12.00000000
 O     8.0   -4.61328816   -0.00004291    0.00000001   15.99491464
 H     1.0   -1.82546553    0.00190652    4.05888715    1.00782504
 H     1.0    2.86358946   -0.00011340    4.05734156    1.00782504
 H     1.0    5.22678406    0.00000447    0.00000001    1.00782504
 H     1.0    2.86358947    0.00009958   -4.05734154    1.00782504
 H     1.0   -1.82546602    0.00007704   -4.05888797    1.00782504
 H     1.0   30.00000000    0.00000000    0.00000000    1.00782504
 C     7.0   -2.08228963   -0.00000436    0.00000001   12.00000000
 C     6.0   -0.78365897   -0.00007774    2.30201258   12.00000000
 C     6.0    1.85346462   -0.00010341    2.28008435   12.00000000
 C     6.0    3.18354689   -0.00005679    0.00000001   12.00000000
 C     6.0    1.85346463    0.00001633   -2.28008433   12.00000000
 C     6.0   -0.78365896    0.00004316   -2.30201256   12.00000000
 O     8.0   -4.61328814    0.00002084    0.00000001   15.99491464
 H     1.0   -1.82546602   -0.00011350    4.05888799    1.00782504
 H     1.0    2.86358898    0.00188412    4.05734073    1.00782504
 H     1.0    5.22678408   -0.00007713    0.00000001    1.00782504
 H     1.0    2.86358948    0.00005293   -4.05734154    1.00782504
 H     1.0   -1.82546601    0.00009967   -4.05888797    1.00782504
 H     1.0   30.00000000    0.00000000    0.00000000    1.00782504
 C     7.0   -2.08228963    0.00000893    0.00000000   12.00000000
 C     6.0   -0.78365896   -0.00001365    2.30201257   12.00000000
 C     6.0    1.85346463   -0.00005952    2.28008434   12.00000000
 C     6.0    3.18354689   -0.00008265    0.00000000   12.00000000
 C     6.0    1.85346463   -0.00005952   -2.28008434   12.00000000
 C     6.0   -0.78365896   -0.00001365   -2.30201257   12.00000000
 O     8.0   -4.61328814    0.00005296    0.00000000   15.99491464
 H     1.0   -1.82546601    0.00000447    4.05888798    1.00782504
 H     1.0    2.86358948   -0.00007709    4.05734155    1.00782504
 H     1.0    5.22678309    0.00192505    0.00000000    1.00782504
 H     1.0    2.86358948   -0.00007709   -4.05734155    1.00782504
 H     1.0   -1.82546601    0.00000447   -4.05888798    1.00782504
 H     1.0   30.00000000    0.00000000    0.00000000    1.00782504
 C     7.0   -2.08228963   -0.00000436   -0.00000001   12.00000000
 C     6.0   -0.78365896    0.00004316    2.30201256   12.00000000
 C     6.0    1.85346463    0.00001633    2.28008433   12.00000000
 C     6.0    3.18354689   -0.00005679   -0.00000001   12.00000000
 C     6.0    1.85346462   -0.00010341   -2.28008435   12.00000000
 C     6.0   -0.78365897   -0.00007774   -2.30201258   12.00000000
 O     8.0   -4.61328814    0.00002083   -0.00000001   15.99491464
 H     1.0   -1.82546601    0.00009967    4.05888797    1.00782504
 H     1.0    2.86358948    0.00005293    4.05734154    1.00782504
 H     1.0    5.22678408   -0.00007713   -0.00000001    1.00782504
 H     1.0    2.86358898    0.00188412   -4.05734073    1.00782504
 H     1.0   -1.82546602   -0.00011350   -4.05888799    1.00782504
 H     1.0   30.00000000    0.00000000    0.00000000    1.00782504
 C     7.0   -2.08228965    0.00003073   -0.00000001   12.00000000
 C     6.0   -0.78365897   -0.00003594    2.30201256   12.00000000
 C     6.0    1.85346462   -0.00004807    2.28008433   12.00000000
 C     6.0    3.18354687    0.00000537   -0.00000001   12.00000000
 C     6.0    1.85346461    0.00007162   -2.28008435   12.00000000
 C     6.0   -0.78365898    0.00008489   -2.30201258   12.00000000
 O     8.0   -4.61328816    0.00004291   -0.00000001   15.99491464
 H     1.0   -1.82546602   -0.00007704    4.05888797    1.00782504
 H     1.0    2.86358947   -0.00009958    4.05734154    1.00782504
 H     1.0    5.22678406   -0.00000447   -0.00000001    1.00782504
 H     1.0    2.86358946    0.00011340   -4.05734156    1.00782504
 H     1.0   -1.82546553   -0.00190652   -4.05888715    1.00782504
 H     1.0   30.00000000    0.00000000    0.00000000    1.00782504
