 N     6.0   -1.71923819    0.00000000   -0.00058931   12.00000000
 C     6.0   -0.35643250    0.00000000   -2.38660876   12.00000000
 C     6.0    2.23703720    0.00000000   -2.33080960   12.00000000
 C     6.0    3.55444116    0.00000000    0.00696393   12.00000000
 C     6.0    2.22058828    0.00000000    2.32750273   12.00000000
 C     6.0   -0.37746253    0.00000000    2.35840106   12.00000000
 O     8.0   -4.12804382    0.00000000    0.12346295   15.99491464
 H     1.0   -1.40849095    0.00000001   -4.13493772    1.00782504
 H     1.0    3.28840985   -0.00000001   -4.07997405    1.00782504
 H     1.0    5.59642910    0.00000000    0.01156055    1.00782504
 H     1.0    3.25629430    0.00000001    4.08422903    1.00782504
 H     1.0   -1.46756063   -0.00000001    4.08116792    1.00782504
 H     1.0   -4.96973859    0.00000000   -1.56589049    1.00782504
 N     6.0   -1.69579724    0.00000000   -0.03350544   12.00000000
 C     6.0   -0.39373012    0.00000000   -2.30187241   12.00000000
 C     6.0    2.20030150    0.00000000   -2.31596407   12.00000000
 C     6.0    3.54534484    0.00000000    0.00601713   12.00000000
 C     6.0    2.23911346    0.00000000    2.34221562   12.00000000
 C     6.0   -0.35908413    0.00000000    2.32835729   12.00000000
 O     8.0   -4.10486339    0.00000000    0.08538023   15.99491464
 H     1.0   -1.46738595    0.00000000   -4.03702206    1.00782504
 H     1.0    3.21753836    0.00000000   -4.08519833    1.00782504
 H     1.0    5.58724364    0.00000000   -0.01360987    1.00782504
 H     1.0    3.27010490    0.00000000    4.10171296    1.00782504
 H     1.0   -1.46581658    0.00000000    4.04048544    1.00782504
 H     1.0   -4.94293297   -0.00000001   -1.60577456    1.00782504
 N     6.0   -1.72046431    0.00000000   -0.01069248   12.00000000
 C     6.0   -0.38234854    0.00000000   -2.36727905   12.00000000
 C     6.0    2.24923488    0.00000000   -2.32882052   12.00000000
 C     6.0    3.56295625    0.00000000    0.01102444   12.00000000
 C     6.0    2.22545121    0.00000000    2.32946013   12.00000000
 C     6.0   -0.37273743    0.00000000    2.34490293   12.00000000
 O     8.0   -4.12894908    0.00000000    0.11944064   15.99491464
 H     1.0   -1.44263285    0.00000001   -4.11063165    1.00782504
 H     1.0    3.29594734   -0.00000001   -4.08077763    1.00782504
 H     1.0    5.60493442    0.00000000    0.01883627    1.00782504
 H     1.0    3.25454175    0.00000001    4.09006994    1.00782504
 H     1.0   -1.46578342   -0.00000001    4.06580096    1.00782504
 H     1.0   -4.97490610    0.00000001   -1.56778247    1.00782504
 N     6.0   -1.69295192    0.00000000   -0.00830220   12.00000000
 C     6.0   -0.32920801    0.00000000   -2.35015116   12.00000000
 C     6.0    2.17020318    0.00000000   -2.32079413   12.00000000
 C     6.0    3.52425900    0.00000000   -0.00405697   12.00000000
 C     6.0    2.22711535    0.00000000    2.33719957   12.00000000
 C     6.0   -0.37100220    0.00000000    2.36185527   12.00000000
 O     8.0   -4.10271299    0.00000000    0.09554926   15.99491464
 H     1.0   -1.38247463    0.00000000   -4.09775253    1.00782504
 H     1.0    3.19917543    0.00000000   -4.08322904    1.00782504
 H     1.0    5.56606611    0.00000000   -0.03161812    1.00782504
 H     1.0    3.27452074    0.00000000    4.08697561    1.00782504
 H     1.0   -1.47037640    0.00000000    4.07871750    1.00782504
 H     1.0   -4.93021392   -0.00000001   -1.60080192    1.00782504
 N     6.0   -1.71372295    0.00000000   -0.01225898   12.00000000
 C     6.0   -0.37230557    0.00000000   -2.36696776   12.00000000
 C     6.0    2.22168664    0.00000000   -2.34689143   12.00000000
 C     6.0    3.56024363    0.00000000    0.02234242   12.00000000
 C     6.0    2.22893546    0.00000000    2.34434207   12.00000000
 C     6.0   -0.36929893    0.00000000    2.34522306   12.00000000
 O     8.0   -4.12238774    0.00000000    0.11449836   15.99491464
 H     1.0   -1.43735589    0.00000000   -4.10741280    1.00782504
 H     1.0    3.26002636    0.00000000   -4.10382379    1.00782504
 H     1.0    5.60223538    0.00000000    0.02470049    1.00782504
 H     1.0    3.25544233    0.00000000    4.10645952    1.00782504
 H     1.0   -1.46836659    0.00000000    4.06228153    1.00782504
 H     1.0   -4.96597917    0.00000000   -1.57390877    1.00782504
 N     6.0   -1.70960617    0.00000000   -0.00431794   12.00000000
 C     6.0   -0.35400246    0.00000000   -2.35088834   12.00000000
 C     6.0    2.23898927    0.00000000   -2.27610491   12.00000000
 C     6.0    3.53061915    0.00000000   -0.03238801   12.00000000
 C     6.0    2.21808521    0.00000000    2.30027538   12.00000000
 C     6.0   -0.37943412    0.00000000    2.36123481   12.00000000
 O     8.0   -4.11899208    0.00000000    0.10790070   15.99491464
 H     1.0   -1.39534788   -0.00000001   -4.10561933    1.00782504
 H     1.0    3.28875015    0.00000001   -4.02623713    1.00782504
 H     1.0    5.57256350    0.00000000   -0.04650218    1.00782504
 H     1.0    3.27194789   -0.00000001    4.04616991    1.00782504
 H     1.0   -1.46378968    0.00000001    4.08762195    1.00782504
 H     1.0   -4.95237855    0.00000001   -1.58556678    1.00782504
 N     6.0   -1.71370946    0.00000000   -0.00775064   12.00000000
 C     6.0   -0.36424175    0.00000000   -2.35785510   12.00000000
 C     6.0    2.22976115    0.00000000   -2.33921090   12.00000000
 C     6.0    3.56029773    0.00000000   -0.00888674   12.00000000
 C     6.0    2.22087251    0.00000000    2.35199280   12.00000000
 C     6.0   -0.37736099    0.00000000    2.35431843   12.00000000
 O     8.0   -4.12279393    0.00000000    0.11076312   15.99491464
 H     1.0   -1.42679337   -0.00000001   -4.09982672    1.00782504
 H     1.0    3.26363284    0.00000001   -4.09877619    1.00782504
 H     1.0    5.60227922    0.00000000   -0.01577943    1.00782504
 H     1.0    3.25185736   -0.00000001    4.11149401    1.00782504
 H     1.0   -1.47888820    0.00000001    4.06980008    1.00782504
 H     1.0   -4.96060242   -0.00000001   -1.58052103    1.00782504
 N     6.0   -1.70964046    0.00000000   -0.01566243   12.00000000
 C     6.0   -0.37424290    0.00000000   -2.37379038   12.00000000
 C     6.0    2.21863613    0.00000000   -2.29519684   12.00000000
 C     6.0    3.53048597    0.00000000    0.04569792   12.00000000
 C     6.0    2.23840830    0.00000000    2.28125760   12.00000000
 C     6.0   -0.35919831    0.00000000    2.33837739   12.00000000
 O     8.0   -4.11797358    0.00000000    0.11724777   15.99491464
 H     1.0   -1.42182883   -0.00000001   -4.12480290    1.00782504
 H     1.0    3.27975646    0.00000001   -4.03846514    1.00782504
 H     1.0    5.57245725    0.00000000    0.05514268    1.00782504
 H     1.0    3.28088694   -0.00000001    4.03397337    1.00782504
 H     1.0   -1.43740838    0.00000001    4.06860933    1.00782504
 H     1.0   -4.96587553    0.00000000   -1.56899878    1.00782504
 N     6.0   -1.71921021    0.00000000   -0.01941857   12.00000000
 C     6.0   -0.37232250    0.00000000   -2.37100262   12.00000000
 C     6.0    2.22129194    0.00000000   -2.32239441   12.00000000
 C     6.0    3.55446784    0.00000000    0.00642081   12.00000000
 C     6.0    2.23633097    0.00000000    2.33592269   12.00000000
 C     6.0   -0.36162370    0.00000000    2.37405697   12.00000000
 O     8.0   -4.12816317    0.00000000    0.10173903   15.99491464
 H     1.0   -1.42575391   -0.00000001   -4.11850466    1.00782504
 H     1.0    3.26431605    0.00000001   -4.07654987    1.00782504
 H     1.0    5.59644020    0.00000000   -0.00278537    1.00782504
 H     1.0    3.28040886   -0.00000001    4.08768626    1.00782504
 H     1.0   -1.45035743    0.00000001    4.09768639    1.00782504
 H     1.0   -4.96782730    0.00000000   -1.58862462    1.00782504
 N     6.0   -1.69586616    0.00000000    0.01352013   12.00000000
 C     6.0   -0.35409904    0.00000000   -2.34098939   12.00000000
 C     6.0    2.23996791    0.00000000   -2.33707886   12.00000000
 C     6.0    3.54527540    0.00000000    0.00747027   12.00000000
 C     6.0    2.19945050    0.00000000    2.32108630   12.00000000
 C     6.0   -0.39858736    0.00000000    2.28911719   12.00000000
 O     8.0   -4.10454975    0.00000000    0.13991970   15.99491464
 H     1.0   -1.42443832    0.00000000   -4.07818683    1.00782504
 H     1.0    3.27833505    0.00000000   -4.09399503    1.00782504
 H     1.0    5.58721235    0.00000000    0.02261744    1.00782504
 H     1.0    3.20925386    0.00000000    4.09282879    1.00782504
 H     1.0   -1.50861485    0.00000000    3.99911091    1.00782504
 H     1.0   -4.94789039    0.00000000   -1.54861272    1.00782504
 N     6.0   -1.72043766    0.00000000   -0.00934701   12.00000000
 C     6.0   -0.36765899    0.00000000   -2.35754715   12.00000000
 C     6.0    2.22619773    0.00000000   -2.32429080   12.00000000
 C     6.0    3.56301750    0.00000000    0.00243462   12.00000000
 C     6.0    2.24852883    0.00000000    2.33399704   12.00000000
 C     6.0   -0.38741969    0.00000000    2.35460320   12.00000000
 O     8.0   -4.12968678    0.00000000    0.10577119   15.99491464
 H     1.0   -1.42407001   -0.00000001   -4.10324955    1.00782504
 H     1.0    3.26265033    0.00000001   -4.08233708    1.00782504
 H     1.0    5.60497295    0.00000000   -0.00996803    1.00782504
 H     1.0    3.28796534   -0.00000001    4.08851863    1.00782504
 H     1.0   -1.48421427    0.00000001    4.07311453    1.00782504
 H     1.0   -4.96511069    0.00000000   -1.58669210    1.00782504
 N     6.0   -1.69301851    0.00000000   -0.01160226   12.00000000
 C     6.0   -0.36586203    0.00000000   -2.37437811   12.00000000
 C     6.0    2.22786522    0.00000000   -2.33221659   12.00000000
 C     6.0    3.52410606    0.00000000    0.01735740   12.00000000
 C     6.0    2.16935379    0.00000000    2.32575730   12.00000000
 C     6.0   -0.33436591    0.00000000    2.33770841   12.00000000
 O     8.0   -4.10087292    0.00000000    0.12971536   15.99491464
 H     1.0   -1.42876348   -0.00000001   -4.11613631    1.00782504
 H     1.0    3.28253461    0.00000001   -4.07939522    1.00782504
 H     1.0    5.56596926    0.00000000    0.04039238    1.00782504
 H     1.0    3.19084165   -0.00000001    4.09078897    1.00782504
 H     1.0   -1.42442098    0.00000001    4.06050251    1.00782504
 H     1.0   -4.95465690    0.00000000   -1.55356063    1.00782504
 N     6.0   -1.70579142    0.00000000   -0.01057794   12.00000000
 C     6.0   -0.36002014    0.00000000   -2.36280109   12.00000000
 C     6.0    2.23379819    0.00000000   -2.32667498   12.00000000
 C     6.0    3.55877001    0.00000000    0.00681767   12.00000000
 C     6.0    2.23244308    0.00000000    2.33166620   12.00000000
 C     6.0   -0.36573103    0.00000000    2.34938724   12.00000000
 O     8.0   -4.15243250    0.00000000    0.11363954   15.99491464
 H     1.0   -1.41806749   -0.00000001   -4.10751221    1.00782504
 H     1.0    3.27568792    0.00000001   -4.08150445    1.00782504
 H     1.0    5.60076213    0.00000000    0.00479788    1.00782504
 H     1.0    3.26653978   -0.00000001    4.08934030    1.00782504
 H     1.0   -1.46081956    0.00000001    4.06898622    1.00782504
 H     1.0   -4.99289894    0.00000000   -1.57632534    1.00782504
 N     6.0   -1.72968139    0.00000000   -0.00854474   12.00000000
 C     6.0   -0.38499276    0.00000000   -2.36138697   12.00000000
 C     6.0    2.20884192    0.00000000   -2.32645455   12.00000000
 C     6.0    3.53488749    0.00000000    0.00642809   12.00000000
 C     6.0    2.20963061    0.00000000    2.33188675   12.00000000
 C     6.0   -0.38853507    0.00000000    2.35080349   12.00000000
 O     8.0   -4.04415746    0.00000000    0.11003056   15.99491464
 H     1.0   -1.44384293   -0.00000001   -4.10561099    1.00782504
 H     1.0    3.24992395    0.00000001   -4.08176333    1.00782504
 H     1.0    5.57687847    0.00000000    0.00346856    1.00782504
 H     1.0    3.24453609   -0.00000001    4.08908477    1.00782504
 H     1.0   -1.48283211    0.00000001    4.07090625    1.00782504
 H     1.0   -4.88540155    0.00000000   -1.57954735    1.00782504
 N     6.0   -1.71240686    0.00000000   -0.00971303   12.00000000
 C     6.0   -0.36686487    0.00000000   -2.36206734   12.00000000
 C     6.0    2.22695698    0.00000000   -2.32619406   12.00000000
 C     6.0    3.55215624    0.00000000    0.00716943   12.00000000
 C     6.0    2.22605593    0.00000000    2.33214723   12.00000000
 C     6.0   -0.37211644    0.00000000    2.35012152   12.00000000
 O     8.0   -4.12129010    0.00000000    0.11282288   15.99491464
 H     1.0   -1.44468316    0.00000001   -4.13898990    1.00782504
 H     1.0    3.26867565   -0.00000001   -4.08112508    1.00782504
 H     1.0    5.59414816    0.00000000    0.00495060    1.00782504
 H     1.0    3.26032395    0.00000001    4.08972053    1.00782504
 H     1.0   -1.46703734   -0.00000001    4.06982723    1.00782504
 H     1.0   -4.96192126    0.00000000   -1.57706007    1.00782504
 N     6.0   -1.71314339    0.00000000   -0.01072023   12.00000000
 C     6.0   -0.36787424    0.00000000   -2.36323059   12.00000000
 C     6.0    2.22595175    0.00000000   -2.32765815   12.00000000
 C     6.0    3.55142164    0.00000000    0.00555162   12.00000000
 C     6.0    2.22559099    0.00000000    2.33068321   12.00000000
 C     6.0   -0.37257927    0.00000000    2.34895885   12.00000000
 O     8.0   -4.12201240    0.00000000    0.11209507   15.99491464
 H     1.0   -1.37728243    0.00000001   -4.02693507    1.00782504
 H     1.0    3.26746687   -0.00000001   -4.08270998    1.00782504
 H     1.0    5.59341328    0.00000000    0.00309596    1.00782504
 H     1.0    3.26006285    0.00000001    4.08813654    1.00782504
 H     1.0   -1.46730071   -0.00000001    4.06879154    1.00782504
 H     1.0   -4.96283956    0.00000001   -1.57769037    1.00782504
 N     6.0   -1.71282374    0.00000000   -0.00969854   12.00000000
 C     6.0   -0.36729839    0.00000000   -2.36206237   12.00000000
 C     6.0    2.22652371    0.00000000   -2.32620745   12.00000000
 C     6.0    3.55173949    0.00000000    0.00714667   12.00000000
 C     6.0    2.22565562    0.00000000    2.33213384   12.00000000
 C     6.0   -0.37251662    0.00000000    2.35012652   12.00000000
 O     8.0   -4.12170611    0.00000000    0.11285441   15.99491464
 H     1.0   -1.42552814    0.00000000   -4.10666287    1.00782504
 H     1.0    3.28752159    0.00000000   -4.11364599    1.00782504
 H     1.0    5.59373138    0.00000000    0.00491339    1.00782504
 H     1.0    3.25993608    0.00000000    4.08969983    1.00782504
 H     1.0   -1.46742536    0.00000000    4.06983998    1.00782504
 H     1.0   -4.96234923    0.00000000   -1.57702259    1.00782504
 N     6.0   -1.71210118    0.00000000   -0.01075655   12.00000000
 C     6.0   -0.36679041    0.00000000   -2.36324311   12.00000000
 C     6.0    2.22703494    0.00000000   -2.32762478   12.00000000
 C     6.0    3.55246356    0.00000000    0.00560844   12.00000000
 C     6.0    2.22659178    0.00000000    2.33071657   12.00000000
 C     6.0   -0.37157881    0.00000000    2.34894625   12.00000000
 O     8.0   -4.12097236    0.00000000    0.11201613   15.99491464
 H     1.0   -1.42517930    0.00000000   -4.10774707    1.00782504
 H     1.0    3.22035947    0.00000000   -4.00140342    1.00782504
 H     1.0    5.59445525    0.00000000    0.00318889    1.00782504
 H     1.0    3.26103256    0.00000000    4.08818820    1.00782504
 H     1.0   -1.46633067    0.00000000    4.06875957    1.00782504
 H     1.0   -4.96176962    0.00000001   -1.57778418    1.00782504
 N     6.0   -1.71302230    0.00000000   -0.01000106   12.00000000
 C     6.0   -0.36755733    0.00000000   -2.36239943   12.00000000
 C     6.0    2.22626569    0.00000000   -2.32661107   12.00000000
 C     6.0    3.55154135    0.00000000    0.00670902   12.00000000
 C     6.0    2.22551716    0.00000000    2.33173024   12.00000000
 C     6.0   -0.37265462    0.00000000    2.34978960   12.00000000
 O     8.0   -4.12190153    0.00000000    0.11261371   15.99491464
 H     1.0   -1.42583186    0.00000000   -4.10697276    1.00782504
 H     1.0    3.26792690    0.00000000   -4.08157620    1.00782504
 H     1.0    5.63132770    0.00000000    0.00438102    1.00782504
 H     1.0    3.25984273    0.00000000    4.08926967    1.00782504
 H     1.0   -1.46751921    0.00000000    4.06953116    1.00782504
 H     1.0   -4.96258802    0.00000000   -1.57724171    1.00782504
 N     6.0   -1.71160469    0.00000000   -0.01000028   12.00000000
 C     6.0   -0.36614288    0.00000000   -2.36240045   12.00000000
 C     6.0    2.22768019    0.00000000   -2.32661558   12.00000000
 C     6.0    3.55295898    0.00000000    0.00670274   12.00000000
 C     6.0    2.22693791    0.00000000    2.33172573   12.00000000
 C     6.0   -0.37123384    0.00000000    2.34978858   12.00000000
 O     8.0   -4.12048376    0.00000000    0.11261773   15.99491464
 H     1.0   -1.42441975    0.00000000   -4.10697237    1.00782504
 H     1.0    3.26933905    0.00000000   -4.08158211    1.00782504
 H     1.0    5.50046456    0.00000000    0.00452011    1.00782504
 H     1.0    3.26126584    0.00000000    4.08926378    1.00782504
 H     1.0   -1.46609613    0.00000000    4.06953161    1.00782504
 H     1.0   -4.96117251    0.00000000   -1.57723657    1.00782504
 N     6.0   -1.71282299    0.00000000   -0.01030330   12.00000000
 C     6.0   -0.36742101    0.00000000   -2.36273769   12.00000000
 C     6.0    2.22640296    0.00000000   -2.32701879   12.00000000
 C     6.0    3.55174111    0.00000000    0.00626582   12.00000000
 C     6.0    2.22577917    0.00000000    2.33132254   12.00000000
 C     6.0   -0.37239212    0.00000000    2.34945147   12.00000000
 O     8.0   -4.12169893    0.00000000    0.11237598   15.99491464
 H     1.0   -1.42574225    0.00000001   -4.10728269    1.00782504
 H     1.0    3.26801718   -0.00000001   -4.08201181    1.00782504
 H     1.0    5.59373289    0.00000000    0.00392546    1.00782504
 H     1.0    3.27932185    0.00000001    4.12140628    1.00782504
 H     1.0   -1.46721067   -0.00000001    4.06922235    1.00782504
 H     1.0   -4.96243067    0.00000001   -1.57745693    1.00782504
 N     6.0   -1.71210304    0.00000000   -0.00924472   12.00000000
 C     6.0   -0.36648365    0.00000000   -2.36155476   12.00000000
 C     6.0    2.22733701    0.00000000   -2.32559613   12.00000000
 C     6.0    3.55245950    0.00000000    0.00781096   12.00000000
 C     6.0    2.22628269    0.00000000    2.33274512   12.00000000
 C     6.0   -0.37189027    0.00000000    2.35063392   12.00000000
 O     8.0   -4.12099032    0.00000000    0.11321192   15.99491464
 H     1.0   -1.42464366   -0.00000001   -4.10619756    1.00782504
 H     1.0    3.26911343    0.00000001   -4.08049288    1.00782504
 H     1.0    5.59445149    0.00000000    0.00565932    1.00782504
 H     1.0    3.21257527   -0.00000001    4.00891801    1.00782504
 H     1.0   -1.46686776    0.00000001    4.07030361    1.00782504
 H     1.0   -4.96156587   -0.00000001   -1.57669869    1.00782504
 N     6.0   -1.71240013    0.00000000   -0.01028155   12.00000000
 C     6.0   -0.36701727    0.00000000   -2.36272688   12.00000000
 C     6.0    2.22680700    0.00000000   -2.32702907   12.00000000
 C     6.0    3.55216411    0.00000000    0.00624477   12.00000000
 C     6.0    2.22622108    0.00000000    2.33131226   12.00000000
 C     6.0   -0.37195007    0.00000000    2.34946232   12.00000000
 O     8.0   -4.12127507    0.00000000    0.11241731   15.99491464
 H     1.0   -1.42535270   -0.00000001   -4.10726328    1.00782504
 H     1.0    3.26840695    0.00000001   -4.08203056    1.00782504
 H     1.0    5.59415587    0.00000000    0.00388780    1.00782504
 H     1.0    3.26060799   -0.00000001    4.08881560    1.00782504
 H     1.0   -1.48705086    0.00000001    4.10112453    1.00782504
 H     1.0   -4.96202055   -0.00000001   -1.57740877    1.00782504
 N     6.0   -1.71316023    0.00000000   -0.00929921   12.00000000
 C     6.0   -0.36749302    0.00000000   -2.36158189   12.00000000
 C     6.0    2.22632691    0.00000000   -2.32557054   12.00000000
 C     6.0    3.55140197    0.00000000    0.00786349   12.00000000
 C     6.0    2.22517790    0.00000000    2.33277069   12.00000000
 C     6.0   -0.37299542    0.00000000    2.35060668   12.00000000
 O     8.0   -4.12204999    0.00000000    0.11310847   15.99491464
 H     1.0   -1.42561756    0.00000000   -4.10624620    1.00782504
 H     1.0    3.26813900    0.00000000   -4.08044611    1.00782504
 H     1.0    5.59339400    0.00000000    0.00575336    1.00782504
 H     1.0    3.25935236    0.00000000    4.09039905    1.00782504
 H     1.0   -1.41725768    0.00000000    3.99055416    1.00782504
 H     1.0   -4.96259119    0.00000000   -1.57681922    1.00782504
 N     6.0   -1.71243833    0.00000000   -0.00938242   12.00000000
 C     6.0   -0.36731505    0.00000000   -2.36197618   12.00000000
 C     6.0    2.22651314    0.00000000   -2.32656457   12.00000000
 C     6.0    3.55212770    0.00000000    0.00656301   12.00000000
 C     6.0    2.22644122    0.00000000    2.33177680   12.00000000
 C     6.0   -0.37172790    0.00000000    2.35021354   12.00000000
 O     8.0   -4.12129972    0.00000000    0.11358224   15.99491464
 H     1.0   -1.42584296    0.00000001   -4.10639579    1.00782504
 H     1.0    3.26791944   -0.00000001   -4.08168098    1.00782504
 H     1.0    5.59411919    0.00000000    0.00398073    1.00782504
 H     1.0    3.26102205    0.00000001    4.08916598    1.00782504
 H     1.0   -1.46634271   -0.00000001    4.07011410    1.00782504
 H     1.0   -4.97907081    0.00000000   -1.60998697    1.00782504
 N     6.0   -1.71306401    0.00000000   -0.01154743   12.00000000
 C     6.0   -0.36674767    0.00000000   -2.36345865   12.00000000
 C     6.0    2.22706222    0.00000000   -2.32673147   12.00000000
 C     6.0    3.55149325    0.00000000    0.00706816   12.00000000
 C     6.0    2.22462761    0.00000000    2.33160927   12.00000000
 C     6.0   -0.37355053    0.00000000    2.34872822   12.00000000
 O     8.0   -4.12198746    0.00000000    0.11019545   15.99491464
 H     1.0   -1.42439069    0.00000001   -4.10841491    1.00782504
 H     1.0    3.26935857   -0.00000001   -4.08131946    1.00782504
 H     1.0    5.59348579    0.00000000    0.00552157    1.00782504
 H     1.0    3.25831697    0.00000001    4.08952296    1.00782504
 H     1.0   -1.46903752   -0.00000001    4.06807339    1.00782504
 H     1.0   -4.92000725    0.00000000   -1.49535303    1.00782504
 N     6.0   -1.69621097    0.00000000   -0.00998518   12.00000000
 C     6.0   -0.37432387    0.00000000   -2.37571309   12.00000000
 C     6.0    2.21928135    0.00000000   -2.32661538   12.00000000
 C     6.0    3.54455274    0.00000000    0.00670715   12.00000000
 C     6.0    2.21852429    0.00000000    2.33172593   12.00000000
 C     6.0   -0.37952084    0.00000000    2.36309818   12.00000000
 O     8.0   -4.10509087    0.00000000    0.11261637   15.99491464
 H     1.0   -1.43683732    0.00000001   -4.11770801    1.00782504
 H     1.0    3.26544343   -0.00000001   -4.07890120    1.00782504
 H     1.0    5.58654459    0.00000000    0.00442520    1.00782504
 H     1.0    3.25734772    0.00000001    4.08661058    1.00782504
 H     1.0   -1.47857958   -0.00000001    4.08016237    1.00782504
 H     1.0   -4.94576809    0.00000000   -1.57724367    1.00782504
 N     6.0   -1.75308328    0.00000000   -0.01003836   12.00000000
 C     6.0   -0.34927039    0.00000000   -2.32809000   12.00000000
 C     6.0    2.24479919    0.00000000   -2.32660558   12.00000000
 C     6.0    3.57008636    0.00000000    0.00670799   12.00000000
 C     6.0    2.24407362    0.00000000    2.33173574   12.00000000
 C     6.0   -0.35411022    0.00000000    2.31548779   12.00000000
 O     8.0   -4.16196063    0.00000000    0.11261329   15.99491464
 H     1.0   -1.39726835    0.00000001   -4.07885597    1.00782504
 H     1.0    3.27482920   -0.00000001   -4.08842252    1.00782504
 H     1.0    5.61207819    0.00000000    0.00441224    1.00782504
 H     1.0    3.26677767    0.00000001    4.09606302    1.00782504
 H     1.0   -1.43879974   -0.00000001    4.04166514    1.00782504
 H     1.0   -5.00267299    0.00000000   -1.57722926    1.00782504
 N     6.0   -1.70942826    0.00000000   -0.00999520   12.00000000
 C     6.0   -0.36397742    0.00000000   -2.36240165   12.00000000
 C     6.0    2.22999364    0.00000000   -2.33975591   12.00000000
 C     6.0    3.53188090    0.00000000    0.00669414   12.00000000
 C     6.0    2.22918347    0.00000000    2.34486505   12.00000000
 C     6.0   -0.36904641    0.00000000    2.34978741   12.00000000
 O     8.0   -4.11830675    0.00000000    0.11263404   15.99491464
 H     1.0   -1.42667343   -0.00000001   -4.10428520    1.00782504
 H     1.0    3.27597654    0.00000001   -4.09214869    1.00782504
 H     1.0    5.57387273    0.00000000    0.00439916    1.00782504
 H     1.0    3.26785434   -0.00000001    4.09984000    1.00782504
 H     1.0   -1.46825001    0.00000001    4.06675886    1.00782504
 H     1.0   -4.95900339    0.00000000   -1.57721633    1.00782504
 N     6.0   -1.72039314    0.00000000   -0.01001431   12.00000000
 C     6.0   -0.37489437    0.00000000   -2.36239335   12.00000000
 C     6.0    2.21824027    0.00000000   -2.29273772   12.00000000
 C     6.0    3.60140719    0.00000000    0.00673777   12.00000000
 C     6.0    2.21765642    0.00000000    2.29787233   12.00000000
 C     6.0   -0.38005936    0.00000000    2.34979561   12.00000000
 O     8.0   -4.12927413    0.00000000    0.11256586   15.99491464
 H     1.0   -1.42174317    0.00000001   -4.11384668    1.00782504
 H     1.0    3.24941271   -0.00000001   -4.05388626    1.00782504
 H     1.0    5.64339906    0.00000000    0.00447122    1.00782504
 H     1.0    3.24144053    0.00000001    4.06157311    1.00782504
 H     1.0   -1.46370505   -0.00000001    4.07662844    1.00782504
 H     1.0   -4.96993634    0.00000000   -1.57730164    1.00782504
 N     6.0   -1.71259186    0.00000000   -0.00447352   12.00000000
 C     6.0   -0.36026742    0.00000000   -2.35293529   12.00000000
 C     6.0    2.23374312    0.00000000   -2.33538730   12.00000000
 C     6.0    3.55193504    0.00000000    0.00194202   12.00000000
 C     6.0    2.21886446    0.00000000    2.32293031   12.00000000
 C     6.0   -0.37911665    0.00000000    2.35921880   12.00000000
 O     8.0   -4.12181866    0.00000000    0.11111071   15.99491464
 H     1.0   -1.42212792   -0.00000001   -4.09532830    1.00782504
 H     1.0    3.27189351    0.00000001   -4.09243154    1.00782504
 H     1.0    5.59392442    0.00000000    0.00585031    1.00782504
 H     1.0    3.25668817   -0.00000001    4.07840637    1.00782504
 H     1.0   -1.47045522    0.00000001    4.08120011    1.00782504
 H     1.0   -4.95756994    0.00000000   -1.58119096    1.00782504
 N     6.0   -1.71242215    0.00000000   -0.02381740   12.00000000
 C     6.0   -0.38415840    0.00000000   -2.38597097   12.00000000
 C     6.0    2.20863443    0.00000000   -2.30458304   12.00000000
 C     6.0    3.55156959    0.00000000    0.01861808   12.00000000
 C     6.0    2.24321820    0.00000000    2.35362995   12.00000000
 C     6.0   -0.35487080    0.00000000    2.32612980   12.00000000
 O     8.0   -4.12034252    0.00000000    0.11637165   15.99491464
 H     1.0   -1.43344658   -0.00000001   -4.13596394    1.00782504
 H     1.0    3.25905592    0.00000001   -4.05431885    1.00782504
 H     1.0    5.59348535    0.00000000    0.00084449    1.00782504
 H     1.0    3.26878703   -0.00000001    4.11629351    1.00782504
 H     1.0   -1.45852438    0.00000001    4.04024424    1.00782504
 H     1.0   -4.97333747    0.00000000   -1.56730431    1.00782504
 N     6.0   -1.71260959    0.00000000    0.00080009   12.00000000
 C     6.0   -0.37316334    0.00000000   -2.35503050   12.00000000
 C     6.0    2.22074270    0.00000000   -2.32587383   12.00000000
 C     6.0    3.55197958    0.00000000    0.00405034   12.00000000
 C     6.0    2.23190406    0.00000000    2.33245416   12.00000000
 C     6.0   -0.36621306    0.00000000    2.35715616   12.00000000
 O     8.0   -4.12274767    0.00000000    0.09549930   15.99491464
 H     1.0   -1.43589472    0.00000000   -4.09689247    1.00782504
 H     1.0    3.25791363    0.00000000   -4.08349642    1.00782504
 H     1.0    5.59395891    0.00000000   -0.00345606    1.00782504
 H     1.0    3.27071970    0.00000000    4.08734342    1.00782504
 H     1.0   -1.45667725    0.00000000    4.07969131    1.00782504
 H     1.0   -4.94380043    0.00000001   -1.60398223    1.00782504
 N     6.0   -1.71283434    0.00000000   -0.03699803   12.00000000
 C     6.0   -0.35236557    0.00000000   -2.38075117   12.00000000
 C     6.0    2.24117581    0.00000000   -2.32838964   12.00000000
 C     6.0    3.55151507    0.00000000    0.01335101   12.00000000
 C     6.0    2.21066162    0.00000000    2.32985178   12.00000000
 C     6.0   -0.38757251    0.00000000    2.33130909   12.00000000
 O     8.0   -4.11715200    0.00000000    0.15533004   15.99491464
 H     1.0   -1.39947109    0.00000000   -4.13205101    1.00782504
 H     1.0    3.29402957    0.00000000   -4.07666298    1.00782504
 H     1.0    5.59347983    0.00000000    0.02411321    1.00782504
 H     1.0    3.23373581    0.00000000    4.09396443    1.00782504
 H     1.0   -1.49340350    0.00000000    4.04401962    1.00782504
 H     1.0   -5.00642658    0.00000000   -1.50946900    1.00782504
 N     6.0   -1.71288409    0.00000000   -0.00962130   12.00000000
 C     6.0   -0.36771442    0.00000000   -2.36218854   12.00000000
 C     6.0    2.22611307    0.00000000   -2.32672578   12.00000000
 C     6.0    3.55168162    0.00000000    0.00642794   12.00000000
 C     6.0    2.22594929    0.00000000    2.33161559   12.00000000
 C     6.0   -0.37222020    0.00000000    2.35000109   12.00000000
 O     8.0   -4.12174791    0.00000000    0.11329585   15.99491464
 H     1.0   -1.40143279   -0.00000001   -4.12142344    1.00782504
 H     1.0    3.26755398    0.00000001   -4.08182165    1.00782504
 H     1.0    5.59367315    0.00000000    0.00388593    1.00782504
 H     1.0    3.26049546   -0.00000001    4.08902517    1.00782504
 H     1.0   -1.46686892    0.00000001    4.06988007    1.00782504
 H     1.0   -4.96264652    0.00000000   -1.57645403    1.00782504
 N     6.0   -1.71195997    0.00000000   -0.01096300   12.00000000
 C     6.0   -0.36576357    0.00000000   -2.36294287   12.00000000
 C     6.0    2.22804820    0.00000000   -2.32634795   12.00000000
 C     6.0    3.55259823    0.00000000    0.00738414   12.00000000
 C     6.0    2.22585112    0.00000000    2.33199291   12.00000000
 C     6.0   -0.37232614    0.00000000    2.34924435   12.00000000
 O     8.0   -4.12087721    0.00000000    0.11090271   15.99491464
 H     1.0   -1.48451332    0.00000000   -4.06936606    1.00782504
 H     1.0    3.27025508    0.00000000   -4.08098908    1.00782504
 H     1.0    5.59459069    0.00000000    0.00573343    1.00782504
 H     1.0    3.25963012    0.00000000    4.08985389    1.00782504
 H     1.0   -1.46772546    0.00000000    4.06864537    1.00782504
 H     1.0   -4.96103819    0.00000001   -1.57921405    1.00782504
 N     6.0   -1.71288373    0.00000000   -0.00989458   12.00000000
 C     6.0   -0.36777397    0.00000000   -2.36249608   12.00000000
 C     6.0    2.22605442    0.00000000   -2.32709939   12.00000000
 C     6.0    3.55168239    0.00000000    0.00602057   12.00000000
 C     6.0    2.22600929    0.00000000    2.33124198   12.00000000
 C     6.0   -0.37215973    0.00000000    2.34969366   12.00000000
 O     8.0   -4.12174441    0.00000000    0.11308393   15.99491464
 H     1.0   -1.42631192    0.00000000   -4.10690960    1.00782504
 H     1.0    3.29216684    0.00000000   -4.06731920    1.00782504
 H     1.0    5.59367386    0.00000000    0.00342655    1.00782504
 H     1.0    3.26060023    0.00000000    4.08862522    1.00782504
 H     1.0   -1.46676464    0.00000000    4.06960053    1.00782504
 H     1.0   -4.96268606   -0.00000001   -1.57664453    1.00782504
 N     6.0   -1.71194152    0.00000000   -0.01028055   12.00000000
 C     6.0   -0.36559460    0.00000000   -2.36217425   12.00000000
 C     6.0    2.22821482    0.00000000   -2.32541333   12.00000000
 C     6.0    3.55261549    0.00000000    0.00840352   12.00000000
 C     6.0    2.22571961    0.00000000    2.33292737   12.00000000
 C     6.0   -0.37245875    0.00000000    2.35001253   12.00000000
 O     8.0   -4.12086656    0.00000000    0.11143100   15.99491464
 H     1.0   -1.42321492    0.00000000   -4.10714427    1.00782504
 H     1.0    3.20786194    0.00000000   -4.11573515    1.00782504
 H     1.0    5.59460805    0.00000000    0.00688350    1.00782504
 H     1.0    3.25938611    0.00000000    4.09085451    1.00782504
 H     1.0   -1.46796810    0.00000000    4.06934344    1.00782504
 H     1.0   -4.96091937    0.00000000   -1.57873953    1.00782504
 N     6.0   -1.71261717    0.00000000   -0.01002434   12.00000000
 C     6.0   -0.36753407    0.00000000   -2.36264108   12.00000000
 C     6.0    2.22629472    0.00000000   -2.32727377   12.00000000
 C     6.0    3.55194912    0.00000000    0.00583117   12.00000000
 C     6.0    2.22630236    0.00000000    2.33106760   12.00000000
 C     6.0   -0.37186645    0.00000000    2.34954871   12.00000000
 O     8.0   -4.12147646    0.00000000    0.11298145   15.99491464
 H     1.0   -1.42609178   -0.00000001   -4.10704261    1.00782504
 H     1.0    3.26767104    0.00000001   -4.08240796    1.00782504
 H     1.0    5.59377338    0.00000000    0.03209144    1.00782504
 H     1.0    3.26091320   -0.00000001    4.08843912    1.00782504
 H     1.0   -1.46645188    0.00000001    4.06946798    1.00782504
 H     1.0   -4.96243725    0.00000000   -1.57673748    1.00782504
 N     6.0   -1.71259860    0.00000000   -0.00994221   12.00000000
 C     6.0   -0.36618230    0.00000000   -2.36179620   12.00000000
 C     6.0    2.22762603    0.00000000   -2.32495875   12.00000000
 C     6.0    3.55195786    0.00000000    0.00889717   12.00000000
 C     6.0    2.22499340    0.00000000    2.33338187   12.00000000
 C     6.0   -0.37318546    0.00000000    2.35039039   12.00000000
 O     8.0   -4.12152723    0.00000000    0.11169827   15.99491464
 H     1.0   -1.42375113    0.00000000   -4.10679742    1.00782504
 H     1.0    3.26999697    0.00000000   -4.07950243    1.00782504
 H     1.0    5.59262275    0.00000000   -0.06474202    1.00782504
 H     1.0    3.25860804    0.00000000    4.09133951    1.00782504
 H     1.0   -1.46874554    0.00000000    4.06968898    1.00782504
 H     1.0   -4.96153017    0.00000000   -1.57849704    1.00782504
 N     6.0   -1.71235140    0.00000000   -0.00989053   12.00000000
 C     6.0   -0.36724066    0.00000000   -2.36249146   12.00000000
 C     6.0    2.22658772    0.00000000   -2.32709368   12.00000000
 C     6.0    3.55221471    0.00000000    0.00602684   12.00000000
 C     6.0    2.22654063    0.00000000    2.33124769   12.00000000
 C     6.0   -0.37162840    0.00000000    2.34969828   12.00000000
 O     8.0   -4.12121213    0.00000000    0.11308697   15.99491464
 H     1.0   -1.42577787   -0.00000001   -4.10690543    1.00782504
 H     1.0    3.26798466    0.00000001   -4.08221564    1.00782504
 H     1.0    5.59420619    0.00000000    0.00343368    1.00782504
 H     1.0    3.23617504   -0.00000001    4.10308646    1.00782504
 H     1.0   -1.46623403    0.00000001    4.06960468    1.00782504
 H     1.0   -4.96215307    0.00000000   -1.57664185    1.00782504
 N     6.0   -1.71327216    0.00000000   -0.01026272   12.00000000
 C     6.0   -0.36692201    0.00000000   -2.36215458   12.00000000
 C     6.0    2.22688736    0.00000000   -2.32539010   12.00000000
 C     6.0    3.55128483    0.00000000    0.00842857   12.00000000
 C     6.0    2.22438576    0.00000000    2.33295060   12.00000000
 C     6.0   -0.37379263    0.00000000    2.35003219   12.00000000
 O     8.0   -4.12219736    0.00000000    0.11144551   15.99491464
 H     1.0   -1.42453993    0.00000000   -4.10712606    1.00782504
 H     1.0    3.26920894    0.00000000   -4.07996310    1.00782504
 H     1.0    5.59327739    0.00000000    0.00691135    1.00782504
 H     1.0    3.31954310    0.00000000    4.05324263    1.00782504
 H     1.0   -1.46930434    0.00000000    4.06936160    1.00782504
 H     1.0   -4.96224785    0.00000001   -1.57872617    1.00782504
 N     6.0   -1.71287772    0.00000000   -0.01038422   12.00000000
 C     6.0   -0.36712158    0.00000000   -2.36261602   12.00000000
 C     6.0    2.22669699    0.00000000   -2.32650660   12.00000000
 C     6.0    3.55168382    0.00000000    0.00697753   12.00000000
 C     6.0    2.22537184    0.00000000    2.33183459   12.00000000
 C     6.0   -0.37280215    0.00000000    2.34957234   12.00000000
 O     8.0   -4.12177211    0.00000000    0.11193237   15.99491464
 H     1.0   -1.42518015    0.00000001   -4.10732034    1.00782504
 H     1.0    3.26857543   -0.00000001   -4.08134277    1.00782504
 H     1.0    5.59367593    0.00000000    0.00494461    1.00782504
 H     1.0    3.25947984    0.00000001    4.08950204    1.00782504
 H     1.0   -1.44345202   -0.00000001    4.08449262    1.00782504
 H     1.0   -4.96224942    0.00000001   -1.57802710    1.00782504
 N     6.0   -1.71197620    0.00000000   -0.00902940   12.00000000
 C     6.0   -0.36723870    0.00000000   -2.36184370   12.00000000
 C     6.0    2.22659526    0.00000000   -2.32685741   12.00000000
 C     6.0    3.55259237    0.00000000    0.00605278   12.00000000
 C     6.0    2.22728719    0.00000000    2.33148391   12.00000000
 C     6.0   -0.37087888    0.00000000    2.35034668   12.00000000
 O     8.0   -4.12081739    0.00000000    0.11433024   15.99491464
 H     1.0   -1.42605264    0.00000000   -4.10608971    1.00782504
 H     1.0    3.26771375    0.00000000   -4.08214456    1.00782504
 H     1.0    5.59458341    0.00000000    0.00313566    1.00782504
 H     1.0    3.26215617    0.00000000    4.08870343    1.00782504
 H     1.0   -1.52532912    0.00000000    4.03066932    1.00782504
 H     1.0   -4.96202638    0.00000000   -1.57526514    1.00782504
 N     6.0   -1.71225536    0.00000000   -0.01043314   12.00000000
 C     6.0   -0.36646021    0.00000000   -2.36264262   12.00000000
 C     6.0    2.22735776    0.00000000   -2.32649018   12.00000000
 C     6.0    3.55230589    0.00000000    0.00701592   12.00000000
 C     6.0    2.22595536    0.00000000    2.33185098   12.00000000
 C     6.0   -0.37221893    0.00000000    2.34954565   12.00000000
 O     8.0   -4.12115178    0.00000000    0.11184351   15.99491464
 H     1.0   -1.42448985   -0.00000001   -4.10736448    1.00782504
 H     1.0    3.26926530    0.00000001   -4.08130907    1.00782504
 H     1.0    5.59429803    0.00000000    0.00501687    1.00782504
 H     1.0    3.26003421   -0.00000001    4.08953559    1.00782504
 H     1.0   -1.46732491    0.00000001    4.06913351    1.00782504
 H     1.0   -4.99523019   -0.00000001   -1.56098405    1.00782504
 N     6.0   -1.71353700    0.00000000   -0.00897345   12.00000000
 C     6.0   -0.36887153    0.00000000   -2.36182891   12.00000000
 C     6.0    2.22496350    0.00000000   -2.32692203   12.00000000
 C     6.0    3.55103203    0.00000000    0.00594756   12.00000000
 C     6.0    2.22579804    0.00000000    2.33141927   12.00000000
 C     6.0   -0.37236745    0.00000000    2.35036158   12.00000000
 O     8.0   -4.12237441    0.00000000    0.11445994   15.99491464
 H     1.0   -1.42773886    0.00000001   -4.10604251    1.00782504
 H     1.0    3.26602826   -0.00000001   -4.08224105    1.00782504
 H     1.0    5.59302298    0.00000000    0.00296793    1.00782504
 H     1.0    3.26072082    0.00000001    4.08860710    1.00782504
 H     1.0   -1.46664756   -0.00000001    4.07047511    1.00782504
 H     1.0   -4.87814038   -0.00000001   -1.61504373    1.00782504
 N     6.0   -1.71255383    0.00006667   -0.01000077   12.00000000
 C     6.0   -0.36709496    0.00378153   -2.36239969   12.00000000
 C     6.0    2.22671827    0.01091288   -2.32661255   12.00000000
 C     6.0    3.55160892   -0.02105912    0.00670718   12.00000000
 C     6.0    2.22597160    0.01094012    2.33172882   12.00000000
 C     6.0   -0.37219025    0.00375784    2.34978934   12.00000000
 O     8.0   -4.12142384   -0.00657595    0.11261500   15.99491464
 H     1.0   -1.42536629    0.00088341   -4.10697256    1.00782504
 H     1.0    3.26847859    0.04099172   -4.08126108    1.00782504
 H     1.0    5.59300628   -0.07032883    0.00442087    1.00782504
 H     1.0    3.26039933    0.04097191    4.08895153    1.00782504
 H     1.0   -1.46704990    0.00072106    4.06953137    1.00782504
 H     1.0   -4.96210785   -0.00889064   -1.57724007    1.00782504
 N     6.0   -1.71222061   -0.00016086   -0.01000042   12.00000000
 C     6.0   -0.36678908   -0.00945197   -2.36239956   12.00000000
 C     6.0    2.22697264   -0.02728814   -2.32661336   12.00000000
 C     6.0    3.54983662    0.05262281    0.00670689   12.00000000
 C     6.0    2.22622630   -0.02735603    2.33172795   12.00000000
 C     6.0   -0.37188336   -0.00939277    2.34978947   12.00000000
 O     8.0   -4.12104248    0.01645278    0.11261575   15.99491464
 H     1.0   -1.42504002   -0.00220342   -4.10697215    1.00782504
 H     1.0    3.26925682   -0.10240563   -4.07959988    1.00782504
 H     1.0    5.58811188    0.17576761    0.00442145    1.00782504
 H     1.0    3.26118690   -0.10235602    4.08729219    1.00782504
 H     1.0   -1.46672041   -0.00179770    4.06953180    1.00782504
 H     1.0   -4.96171001    0.02224200   -1.57723919    1.00782504
 N     6.0   -1.71247303    0.00787257   -0.01000046   12.00000000
 C     6.0   -0.36715500    0.02769940   -2.36239931   12.00000000
 C     6.0    2.22647636   -0.00383385   -2.32661274   12.00000000
 C     6.0    3.55165523   -0.01998112    0.00670646   12.00000000
 C     6.0    2.22572996   -0.00391308    2.33172857   12.00000000
 C     6.0   -0.37225023    0.02763769    2.34978972   12.00000000
 O     8.0   -4.12109048   -0.02763643    0.11261519   15.99491464
 H     1.0   -1.42521311    0.06695954   -4.10666214    1.00782504
 H     1.0    3.26805973   -0.01647001   -4.08157858    1.00782504
 H     1.0    5.59349632   -0.04479270    0.00441940    1.00782504
 H     1.0    3.25998014   -0.01649964    4.08926731    1.00782504
 H     1.0   -1.46689420    0.06697340    4.06922184    1.00782504
 H     1.0   -4.96168617   -0.04003383   -1.57723993    1.00782504
 N     6.0   -1.71171523   -0.01968791   -0.00999848   12.00000000
 C     6.0   -0.36716440   -0.06925930   -2.36239734   12.00000000
 C     6.0    2.22546006    0.00958653   -2.32661480   12.00000000
 C     6.0    3.55012571    0.04996127    0.00670244   12.00000000
 C     6.0    2.22471546    0.00978467    2.33172666   12.00000000
 C     6.0   -0.37225830   -0.06910522    2.34979202   12.00000000
 O     8.0   -4.11895785    0.06909252    0.11261695   15.99491464
 H     1.0   -1.42408390   -0.16733385   -4.10503432    1.00782504
 H     1.0    3.26663806    0.04118197   -4.08158231    1.00782504
 H     1.0    5.59117491    0.11200031    0.00441224    1.00782504
 H     1.0    3.25856608    0.04125630    4.08926382    1.00782504
 H     1.0   -1.46574863   -0.16736879    4.06759956    1.00782504
 H     1.0   -4.95907311    0.10008884   -1.57723836    1.00782504
 N     6.0   -1.71260319   -0.00014025   -0.01000022   12.00000000
 C     6.0   -0.36713844   -0.00702391   -2.36238864   12.00000000
 C     6.0    2.22664899    0.00657303   -2.32660395   12.00000000
 C     6.0    3.55192649    0.00060335    0.00670747   12.00000000
 C     6.0    2.22590453   -0.00679782    2.33171818   12.00000000
 C     6.0   -0.37223538    0.00606561    2.34978221   12.00000000
 O     8.0   -4.12148233    0.00082664    0.11261253   15.99491464
 H     1.0   -1.42536688   -0.02274002   -4.10691914    1.00782504
 H     1.0    3.26826063    0.02190527   -4.08153152    1.00782504
 H     1.0    5.59391802    0.00173078    0.00442323    1.00782504
 H     1.0    3.26018703   -0.02256122    4.08921226    1.00782504
 H     1.0   -1.46705628    0.02076674    4.06948875    1.00782504
 H     1.0   -4.96216892   -0.00364838   -1.57723692    1.00782504
 N     6.0   -1.71252927    0.00035061   -0.00999695   12.00000000
 C     6.0   -0.36706094    0.01756091   -2.36233044   12.00000000
 C     6.0    2.22653955   -0.01643360   -2.32655976   12.00000000
 C     6.0    3.55182199   -0.00150844    0.00670875   12.00000000
 C     6.0    2.22580704    0.01699570    2.33166160   12.00000000
 C     6.0   -0.37216552   -0.01516505    2.34974494   12.00000000
 O     8.0   -4.12140818   -0.00206680    0.11260027   15.99491464
 H     1.0   -1.42504385    0.05684995   -4.10663823    1.00782504
 H     1.0    3.26789447   -0.05476276   -4.08128809    1.00782504
 H     1.0    5.59381190   -0.00432718    0.00443621    1.00782504
 H     1.0    3.25985988    0.05640289    4.08891971    1.00782504
 H     1.0   -1.46676048   -0.05191679    4.06926543    1.00782504
 H     1.0   -4.96209188    0.00912149   -1.57721951    1.00782504
 N     6.0   -1.71263334   -0.01838332   -0.01000275   12.00000000
 C     6.0   -0.36718731   -0.01125903   -2.36240116   12.00000000
 C     6.0    2.22659837    0.00265846   -2.32661289   12.00000000
 C     6.0    3.55185454    0.00986214    0.00670716   12.00000000
 C     6.0    2.22584901    0.00284106    2.33172841   12.00000000
 C     6.0   -0.37228537   -0.01109760    2.34978786   12.00000000
 O     8.0   -4.12125326    0.01693642    0.11261912   15.99491464
 H     1.0   -1.42544629   -0.01700665   -4.10697446    1.00782504
 H     1.0    3.26824491    0.00817675   -4.08157806    1.00782504
 H     1.0    5.59381699    0.02081749    0.00442140    1.00782504
 H     1.0    3.26015937    0.00846070    4.08926781    1.00782504
 H     1.0   -1.46713453   -0.01690274    4.06952946    1.00782504
 H     1.0   -4.96184594    0.02983624   -1.57723373    1.00782504
 N     6.0   -1.71271770    0.04595412   -0.01001281   12.00000000
 C     6.0   -0.36736634    0.02814428   -2.36240874   12.00000000
 C     6.0    2.22622326   -0.00664803   -2.32661570   12.00000000
 C     6.0    3.55137237   -0.02465665    0.00670678   12.00000000
 C     6.0    2.22546013   -0.00710481    2.33172559   12.00000000
 C     6.0   -0.37247800    0.02774044    2.34978027   12.00000000
 O     8.0   -4.11997661   -0.04232929    0.11264151   15.99491464
 H     1.0   -1.42554019    0.04251284   -4.10698398    1.00782504
 H     1.0    3.26779630   -0.02044308   -4.08157894    1.00782504
 H     1.0    5.59318055   -0.05204391    0.00442478    1.00782504
 H     1.0    3.25968713   -0.02115346    4.08926689    1.00782504
 H     1.0   -1.46724954    0.04225259    4.06951984    1.00782504
 H     1.0   -4.96007348   -0.07457090   -1.57719965    1.00782504
 N     6.0   -1.71261936   -0.00060366   -0.01000386   12.00000000
 C     6.0   -0.36715595   -0.00167219   -2.36240288   12.00000000
 C     6.0    2.22666708   -0.00141762   -2.32661637   12.00000000
 C     6.0    3.55194428   -0.00011529    0.00670249   12.00000000
 C     6.0    2.22592164    0.00094115    2.33172435   12.00000000
 C     6.0   -0.37225012    0.00071345    2.34978555   12.00000000
 O     8.0   -4.12149850   -0.00076116    0.11261260   15.99491464
 H     1.0   -1.42523619    0.03815464   -4.10663943    1.00782504
 H     1.0    3.26832712   -0.00221133   -4.08158201    1.00782504
 H     1.0    5.59393611    0.00006969    0.00441536    1.00782504
 H     1.0    3.26024836    0.00192540    4.08926282    1.00782504
 H     1.0   -1.46711357    0.00148446    4.06952766    1.00782504
 H     1.0   -4.96218610   -0.00169348   -1.57724200    1.00782504
 N     6.0   -1.71263033    0.00150892   -0.01001973   12.00000000
 C     6.0   -0.36717040    0.00418038   -2.36241946   12.00000000
 C     6.0    2.22665263    0.00354376   -2.32663740   12.00000000
 C     6.0    3.55193322    0.00028762    0.00667762   12.00000000
 C     6.0    2.22591401   -0.00235361    2.33170018   12.00000000
 C     6.0   -0.37225766   -0.00178418    2.34976580   12.00000000
 O     8.0   -4.12150923    0.00190284    0.11260077   15.99491464
 H     1.0   -1.42422731   -0.09535335   -4.10489036    1.00782504
 H     1.0    3.26831008    0.00552810   -4.08160364    1.00782504
 H     1.0    5.59392500   -0.00017500    0.00438701    1.00782504
 H     1.0    3.26024329   -0.00481447    4.08923571    1.00782504
 H     1.0   -1.46711857   -0.00371182    4.06950863    1.00782504
 H     1.0   -4.96219930    0.00423388   -1.57725127    1.00782504
 N     6.0   -1.71261510   -0.00008894   -0.01000400   12.00000000
 C     6.0   -0.36715181   -0.00154433   -2.36240287   12.00000000
 C     6.0    2.22667118   -0.00204599   -2.32661609   12.00000000
 C     6.0    3.55194846   -0.00113530    0.00670292   12.00000000
 C     6.0    2.22592593    0.00030241    2.33172463   12.00000000
 C     6.0   -0.37224578    0.00083207    2.34978556   12.00000000
 O     8.0   -4.12149419    0.00045551    0.11261221   15.99491464
 H     1.0   -1.42542755   -0.00221172   -4.10697535    1.00782504
 H     1.0    3.26813175    0.03767459   -4.08125076    1.00782504
 H     1.0    5.59394026   -0.00154558    0.00441600    1.00782504
 H     1.0    3.26025271    0.00098115    4.08926322    1.00782504
 H     1.0   -1.46710915    0.00191833    4.06952756    1.00782504
 H     1.0   -4.96218186   -0.00022789   -1.57724249    1.00782504
 N     6.0   -1.71260372    0.00022201   -0.01002057   12.00000000
 C     6.0   -0.36714452    0.00386070   -2.36241943   12.00000000
 C     6.0    2.22667826    0.00511480   -2.32663564   12.00000000
 C     6.0    3.55195932    0.00283786    0.00668028   12.00000000
 C     6.0    2.22594083   -0.00075660    2.33170197   12.00000000
 C     6.0   -0.37223058   -0.00208073    2.34976587   12.00000000
 O     8.0   -4.12148235   -0.00113909    0.11259832   15.99491464
 H     1.0   -1.42542307    0.00552936   -4.10698952    1.00782504
 H     1.0    3.26708920   -0.09415370   -4.07953368    1.00782504
 H     1.0    5.59395090    0.00386354    0.00439102    1.00782504
 H     1.0    3.26027045   -0.00245361    4.08923820    1.00782504
 H     1.0   -1.46709094   -0.00479655    4.06950798    1.00782504
 H     1.0   -4.96217276    0.00056959   -1.57725428    1.00782504
 N     6.0   -1.71261294    0.00017039   -0.01000084   12.00000000
 C     6.0   -0.36714894   -0.00029392   -2.36239971   12.00000000
 C     6.0    2.22667393   -0.00118703   -2.32661235   12.00000000
 C     6.0    3.55195041   -0.00164234    0.00670724   12.00000000
 C     6.0    2.22592718   -0.00118474    2.33172896   12.00000000
 C     6.0   -0.37224443   -0.00029010    2.34978932   12.00000000
 O     8.0   -4.12149198    0.00099990    0.11261486   15.99491464
 H     1.0   -1.42542408    0.00006971   -4.10697265    1.00782504
 H     1.0    3.26833441   -0.00154647   -4.08157788    1.00782504
 H     1.0    5.59354780    0.03849182    0.00442013    1.00782504
 H     1.0    3.26025336   -0.00154012    4.08926800    1.00782504
 H     1.0   -1.46710831    0.00008765    4.06953129    1.00782504
 H     1.0   -4.96217906    0.00128863   -1.57724024    1.00782504
 N     6.0   -1.71259021   -0.00042638   -0.01000082   12.00000000
 C     6.0   -0.36712661    0.00073442   -2.36239968   12.00000000
 C     6.0    2.22669546    0.00296725   -2.32661229   12.00000000
 C     6.0    3.55197150    0.00410556    0.00670732   12.00000000
 C     6.0    2.22594866    0.00296152    2.33172902   12.00000000
 C     6.0   -0.37222214    0.00072489    2.34978935   12.00000000
 O     8.0   -4.12146850   -0.00250018    0.11261485   15.99491464
 H     1.0   -1.42540139   -0.00017469   -4.10697263    1.00782504
 H     1.0    3.26835564    0.00386588   -4.08157780    1.00782504
 H     1.0    5.59149847   -0.09619598    0.00441684    1.00782504
 H     1.0    3.26027450    0.00384999    4.08926808    1.00782504
 H     1.0   -1.46708570   -0.00021949    4.06953131    1.00782504
 H     1.0   -4.96215531   -0.00322203   -1.57724026    1.00782504
 N     6.0   -1.71261511   -0.00008144   -0.00999768   12.00000000
 C     6.0   -0.36715031    0.00083602   -2.36239596   12.00000000
 C     6.0    2.22667266    0.00030347   -2.32660802   12.00000000
 C     6.0    3.55194844   -0.00113417    0.00671157   12.00000000
 C     6.0    2.22592441   -0.00204170    2.33173270   12.00000000
 C     6.0   -0.37224731   -0.00153540    2.34979247   12.00000000
 O     8.0   -4.12149429    0.00033467    0.11261746   15.99491464
 H     1.0   -1.42542492    0.00192429   -4.10696891    1.00782504
 H     1.0    3.26833375    0.00098041   -4.08157310    1.00782504
 H     1.0    5.59394024   -0.00153808    0.00442556    1.00782504
 H     1.0    3.26005233    0.03765190    4.08894017    1.00782504
 H     1.0   -1.46711179   -0.00218405    4.06953399    1.00782504
 H     1.0   -4.96218086    0.00135223   -1.57723761    1.00782504
 N     6.0   -1.71260379    0.00020326   -0.00998111   12.00000000
 C     6.0   -0.36713511   -0.00209061   -2.36237623   12.00000000
 C     6.0    2.22668752   -0.00075927   -2.32658526   12.00000000
 C     6.0    3.55195919    0.00283503    0.00673434   12.00000000
 C     6.0    2.22593134    0.00510409    2.33175236   12.00000000
 C     6.0   -0.37224015    0.00383837    2.34980906   12.00000000
 O     8.0   -4.12148292   -0.00083698    0.11263112   15.99491464
 H     1.0   -1.42540665   -0.00481142   -4.10694927    1.00782504
 H     1.0    3.26835149   -0.00245178   -4.08154794    1.00782504
 H     1.0    5.59395078    0.00384480    0.00445074    1.00782504
 H     1.0    3.25901825   -0.09409696    4.08721949    1.00782504
 H     1.0   -1.46710744    0.00546015    4.06954814    1.00782504
 H     1.0   -4.96216653   -0.00338097   -1.57722382    1.00782504
 N     6.0   -1.71261935    0.00059938   -0.00999777   12.00000000
 C     6.0   -0.36715469   -0.00070854   -2.36239595   12.00000000
 C     6.0    2.22666832   -0.00093701   -2.32660781   12.00000000
 C     6.0    3.55194428    0.00010761    0.00671189   12.00000000
 C     6.0    2.22592040    0.00139995    2.33173292   12.00000000
 C     6.0   -0.37225137    0.00165584    2.34979249   12.00000000
 O     8.0   -4.12149855    0.00088974    0.11261719   15.99491464
 H     1.0   -1.42542944   -0.00148318   -4.10696898    1.00782504
 H     1.0    3.26832930   -0.00191636   -4.08157280    1.00782504
 H     1.0    5.59393611   -0.00008753    0.00442604    1.00782504
 H     1.0    3.26024619    0.00218337    4.08927205    1.00782504
 H     1.0   -1.46692069   -0.03814861    4.06919768    1.00782504
 H     1.0   -4.96218526    0.00012188   -1.57723795    1.00782504
 N     6.0   -1.71263026   -0.00149822   -0.00998164   12.00000000
 C     6.0   -0.36716250    0.00177192   -2.36237614   12.00000000
 C     6.0    2.22666040    0.00234327   -2.32658391   12.00000000
 C     6.0    3.55193322   -0.00026843    0.00673634   12.00000000
 C     6.0    2.22590626   -0.00349961    2.33175373   12.00000000
 C     6.0   -0.37226546   -0.00413953    2.34980918   12.00000000
 O     8.0   -4.12150957   -0.00222431    0.11262941   15.99491464
 H     1.0   -1.42543490    0.00370861   -4.10694969    1.00782504
 H     1.0    3.26832370    0.00479190   -4.08154610    1.00782504
 H     1.0    5.59392501    0.00021958    0.00445373    1.00782504
 H     1.0    3.26022968   -0.00545826    4.08929334    1.00782504
 H     1.0   -1.46591330    0.09533830    4.06744654    1.00782504
 H     1.0   -4.96219400   -0.00030455   -1.57722594    1.00782504
 N     6.0   -1.71261728    0.00059300   -0.01000416   12.00000000
 C     6.0   -0.36715118    0.00061531   -2.36240188   12.00000000
 C     6.0    2.22667177    0.00012712   -2.32661232   12.00000000
 C     6.0    3.55194628   -0.00039133    0.00670838   12.00000000
 C     6.0    2.22592098   -0.00041408    2.33172896   12.00000000
 C     6.0   -0.37225076    0.00006865    2.34978711   12.00000000
 O     8.0   -4.12149652    0.00102826    0.11260949   15.99491464
 H     1.0   -1.42542484    0.00101552   -4.10697570    1.00782504
 H     1.0    3.26833382    0.00013669   -4.08157696    1.00782504
 H     1.0    5.59393808   -0.00077212    0.00442364    1.00782504
 H     1.0    3.26024567   -0.00081133    4.08926886    1.00782504
 H     1.0   -1.46711618    0.00007310    4.06952815    1.00782504
 H     1.0   -4.96217795   -0.02308934   -1.57707634    1.00782504
 N     6.0   -1.71261730   -0.00148226   -0.01002159   12.00000000
 C     6.0   -0.36714058   -0.00153837   -2.36241323   12.00000000
 C     6.0    2.22668197   -0.00031811   -2.32661212   12.00000000
 C     6.0    3.55194570    0.00097818    0.00671441   12.00000000
 C     6.0    2.22590989    0.00103539    2.33172899   12.00000000
 C     6.0   -0.37226170   -0.00017123    2.34977557   12.00000000
 O     8.0   -4.12149689   -0.00257021    0.11258132   15.99491464
 H     1.0   -1.42540617   -0.00253902   -4.10699170    1.00782504
 H     1.0    3.26835195   -0.00034228   -4.08157205    1.00782504
 H     1.0    5.59393733    0.00192997    0.00443877    1.00782504
 H     1.0    3.26022646    0.00202863    4.08927345    1.00782504
 H     1.0   -1.46713487   -0.00018210    4.06951167    1.00782504
 H     1.0   -4.96214853    0.05771327   -1.57621589    1.00782504
