 N     6.0   -1.74654670    0.00110057    0.07046854   12.00000000
 C     6.0   -0.39928194   -0.00112726   -2.23489792   12.00000000
 C     6.0    2.22488500    0.00059305   -2.26279466   12.00000000
 C     6.0    3.59827635    0.00005637   -0.00272726   12.00000000
 C     6.0    2.29565791   -0.00118630    2.30446380   12.00000000
 C     6.0   -0.33931225    0.00148985    2.37493175   12.00000000
 O     8.0   -4.22003870   -0.00317939    0.09771451   15.99491464
 H     1.0   -1.47350104    0.00126976   -3.96660268    1.00782504
 H     1.0    3.19888941    0.00114174   -4.05832758    1.00782504
 H     1.0    5.64293798    0.00026405   -0.04203420    1.00782504
 H     1.0    3.36133298   -0.00103866    4.05356906    1.00782504
 H     1.0   -1.30712511   -0.00086579    4.17560337    1.00782504
 H     1.0   -5.73105347    0.00204968   -3.00110601    1.00782504
 N     6.0   -1.74656775    0.00220099    0.07051212   12.00000000
 C     6.0   -0.39930368   -0.00225472   -2.23490264   12.00000000
 C     6.0    2.22487751    0.00118611   -2.26278587   12.00000000
 C     6.0    3.59829212    0.00011285   -0.00273397   12.00000000
 C     6.0    2.29569615   -0.00237256    2.30446980   12.00000000
 C     6.0   -0.33931142    0.00297967    2.37496770   12.00000000
 O     8.0   -4.22015329   -0.00635951    0.09767659   15.99491464
 H     1.0   -1.47355534    0.00253932   -3.96661820    1.00782504
 H     1.0    3.19887486    0.00228362   -4.05832217    1.00782504
 H     1.0    5.64295412    0.00052830   -0.04206171    1.00782504
 H     1.0    3.36137750   -0.00207721    4.05357446    1.00782504
 H     1.0   -1.30709320   -0.00173176    4.17568067    1.00782504
 H     1.0   -5.73080508    0.00410128   -3.00141020    1.00782504
 N     6.0   -1.74658742    0.00330125    0.07055314   12.00000000
 C     6.0   -0.39932381   -0.00338236   -2.23490762   12.00000000
 C     6.0    2.22487053    0.00177916   -2.26277749   12.00000000
 C     6.0    3.59830669    0.00016942   -0.00274017   12.00000000
 C     6.0    2.29573164   -0.00355879    2.30447477   12.00000000
 C     6.0   -0.33931064    0.00446946    2.37500188   12.00000000
 O     8.0   -4.22025906   -0.00954038    0.09764001   15.99491464
 H     1.0   -1.47360578    0.00380880   -3.96663204    1.00782504
 H     1.0    3.19886127    0.00342560   -4.05831673    1.00782504
 H     1.0    5.64296904    0.00079280   -0.04208710    1.00782504
 H     1.0    3.36141884   -0.00311563    4.05357907    1.00782504
 H     1.0   -1.30706343   -0.00259785    4.17575200    1.00782504
 H     1.0   -5.73057516    0.00615462   -3.00169083    1.00782504
 N     6.0   -1.74660568    0.00440138    0.07059159   12.00000000
 C     6.0   -0.39934230   -0.00451020   -2.23491289   12.00000000
 C     6.0    2.22486402    0.00237224   -2.26276950   12.00000000
 C     6.0    3.59832005    0.00022608   -0.00274587   12.00000000
 C     6.0    2.29576435   -0.00474499    2.30447868   12.00000000
 C     6.0   -0.33930994    0.00595923    2.37503435   12.00000000
 O     8.0   -4.22035595   -0.01272195    0.09760479   15.99491464
 H     1.0   -1.47365235    0.00507807   -3.96664426    1.00782504
 H     1.0    3.19884867    0.00456772   -4.05831126    1.00782504
 H     1.0    5.64298278    0.00105745   -0.04211037    1.00782504
 H     1.0    3.36145699   -0.00415395    4.05358288    1.00782504
 H     1.0   -1.30703580   -0.00346411    4.17581743    1.00782504
 H     1.0   -5.73036366    0.00820965   -3.00194791    1.00782504
