 N     6.0   -1.71217967    0.00077306   -0.00966732   12.00000000
 C     6.0   -0.36824259   -0.00885536   -2.36315020   12.00000000
 C     6.0    2.22696062    0.00767356   -2.32748834   12.00000000
 C     6.0    3.55128273   -0.00047701    0.00678394   12.00000000
 C     6.0    2.22605656   -0.00697322    2.33219103   12.00000000
 C     6.0   -0.37294329    0.00680254    2.35075634   12.00000000
 O     8.0   -4.11985453    0.00395235    0.11276199   15.99491464
 H     1.0   -1.42636655    0.00419629   -4.10943773    1.00782504
 H     1.0    3.26830758    0.00206914   -4.08298393    1.00782504
 H     1.0    5.59325860    0.00064723    0.00452352    1.00782504
 H     1.0    3.26032206    0.00050003    4.09031336    1.00782504
 H     1.0   -1.46704623   -0.00404674    4.07189763    1.00782504
 H     1.0   -4.95617839   -0.00326870   -1.57906589    1.00782504
 N     6.0   -1.71295396    0.00154560   -0.00968644   12.00000000
 C     6.0   -0.36861075   -0.01772032   -2.36390539   12.00000000
 C     6.0    2.22759712    0.01534985   -2.32758644   12.00000000
 C     6.0    3.55185953   -0.00095421    0.00691600   12.00000000
 C     6.0    2.22639298   -0.01394944    2.33225889   12.00000000
 C     6.0   -0.37320702    0.01360977    2.35094150   12.00000000
 O     8.0   -4.12003066    0.00790522    0.11336610   15.99491464
 H     1.0   -1.42663774    0.00841233   -4.11170014    1.00782504
 H     1.0    3.26881664    0.00414011   -4.08354382    1.00782504
 H     1.0    5.59384963    0.00129568    0.00469372    1.00782504
 H     1.0    3.26025246    0.00099850    4.09116862    1.00782504
 H     1.0   -1.46702212   -0.00809574    4.07317060    1.00782504
 H     1.0   -4.95766950   -0.00654896   -1.57906795    1.00782504
 N     6.0   -1.71368456    0.00231704   -0.00970822   12.00000000
 C     6.0   -0.36893223   -0.02659607   -2.36462202   12.00000000
 C     6.0    2.22817481    0.02302961   -2.32765777   12.00000000
 C     6.0    3.55238777   -0.00143119    0.00704049   12.00000000
 C     6.0    2.22669203   -0.02092927    2.33230737   12.00000000
 C     6.0   -0.37343491    0.02042228    2.35111293   12.00000000
 O     8.0   -4.12016004    0.01185760    0.11394188   15.99491464
 H     1.0   -1.42687055    0.01264573   -4.11382028    1.00782504
 H     1.0    3.26928097    0.00621396   -4.08405065    1.00782504
 H     1.0    5.59439147    0.00194617    0.00485403    1.00782504
 H     1.0    3.26016716    0.00149386    4.09195972    1.00782504
 H     1.0   -1.46697955   -0.01214513    4.07434999    1.00782504
 H     1.0   -4.95911535   -0.00983781   -1.57906616    1.00782504
 N     6.0   -1.71437141    0.00308720   -0.00973270   12.00000000
 C     6.0   -0.36920695   -0.03548357   -2.36530002   12.00000000
 C     6.0    2.22869358    0.03071354   -2.32770229   12.00000000
 C     6.0    3.55286737   -0.00190766    0.00715742   12.00000000
 C     6.0    2.22695370   -0.02791348    2.33233642   12.00000000
 C     6.0   -0.37362686    0.02724072    2.35127054   12.00000000
 O     8.0   -4.12024260    0.01580931    0.11448929   15.99491464
 H     1.0   -1.42706474    0.01689441   -4.11579782    1.00782504
 H     1.0    3.26970040    0.00829165   -4.08450442    1.00782504
 H     1.0    5.59488404    0.00259943    0.00500442    1.00782504
 H     1.0    3.26006604    0.00198418    4.09268676    1.00782504
 H     1.0   -1.46691839   -0.01619292    4.07543583    1.00782504
 H     1.0   -4.96051586   -0.01313591   -1.57906050    1.00782504
