phenol dzp sl-CAS CIS. fine grip path along h from mex12.

transitions

**** ROOTS ****
     1       -305.70108562
     2       -305.52713716
     3       -305.52638256
**** TRANSITION ****
     1     1     1     2
     -305.70108562       -305.52713716         -0.17394846
**** TRANSITION ****
     1     1     1     3
     -305.70108562       -305.52638256         -0.17470306
**** TRANSITION ****
     1     2     1     3
     -305.52713716       -305.52638256         -0.00075461
**** ROOTS ****
     1       -305.70107449
     2       -305.52717837
     3       -305.52646104
**** TRANSITION ****
     1     1     1     2
     -305.70107449       -305.52717837         -0.17389612
**** TRANSITION ****
     1     1     1     3
     -305.70107449       -305.52646104         -0.17461345
**** TRANSITION ****
     1     2     1     3
     -305.52717837       -305.52646104         -0.00071733
**** ROOTS ****
     1       -305.70103019
     2       -305.52726989
     3       -305.52644257
**** TRANSITION ****
     1     1     1     2
     -305.70103019       -305.52726989         -0.17376029
**** TRANSITION ****
     1     1     1     3
     -305.70103019       -305.52644257         -0.17458762
**** TRANSITION ****
     1     2     1     3
     -305.52726989       -305.52644257         -0.00082732
**** ROOTS ****
     1       -305.70095284
     2       -305.52739574
     3       -305.52634334
**** TRANSITION ****
     1     1     1     2
     -305.70095284       -305.52739574         -0.17355710
**** TRANSITION ****
     1     1     1     3
     -305.70095284       -305.52634334         -0.17460950
**** TRANSITION ****
     1     2     1     3
     -305.52739574       -305.52634334         -0.00105240
**** ROOTS ****
     1       -305.70084256
     2       -305.52753323
     3       -305.52618617
**** TRANSITION ****
     1     1     1     2
     -305.70084256       -305.52753323         -0.17330933
**** TRANSITION ****
     1     1     1     3
     -305.70084256       -305.52618617         -0.17465639
**** TRANSITION ****
     1     2     1     3
     -305.52753323       -305.52618617         -0.00134706

intcfl

TEXAS                                                                           
K                   STRE   1    2.        1.
K                   STRE   2    3.        2.
K                   STRE   3    4.        3.
K                   STRE   4    5.        4.
K                   STRE   5    6.        1.
K                   STRE   6    6.        5.
K                   STRE   7    7.        1.
K                   STRE   8    8.        2.
K                   STRE   9    9.        3.
K                   STRE  10   10.        4.
K                   STRE  11   11.        5.
K                   STRE  12   12.        6.
K                   STRE  13   13.        7.
K          1.0000000BEND  14     6.        2.        1.
K          1.0000000BEND  15     5.        3.        4.
K          0.8660254BEND  16     1.        3.        2.
          -0.8660254BEND         2.        4.        3.
           0.8660254BEND         4.        6.        5.
          -0.8660254BEND         5.        1.        6.
K            1.     BEND  17     6.        7.        1.
            -1.     BEND         2.        7.        1.
K            1.     BEND  18     1.        8.        2.
            -1.     BEND         3.        8.        2.
K            1.     BEND  19     2.        9.        3.
            -1.     BEND         4.        9.        3.
K            1.     BEND  20     3.       10.        4.
            -1.     BEND         5.       10.        4.
K            1.     BEND  21     4.       11.        5.
            -1.     BEND         6.       11.        5.
K            1.     BEND  22     1.       12.        6.
            -1.     BEND         5.       12.        6.
K            1.     BEND  23     1.       13.        7.
K            1.     OUT   24     2.        5.        3.        4.
             1.     OUT          6.        4.        5.        3.
K            1.     OUT   25     3.        1.        2.        6.
             1.     OUT          5.        2.        6.        1.
K            1.     TORS  26     1.        2.        3.        4.
             1.     TORS         1.        6.        5.        4.
            -0.5    TORS         6.        1.        2.        3.
            -0.5    TORS         2.        1.        6.        5.
            -0.5    TORS         5.        4.        3.        2.
            -0.5    TORS         3.        4.        5.        6.
K            1.     OUT   27     7.        6.        2.        1.
K            1.     OUT   28     8.        1.        3.        2.
K            1.     OUT   29     9.        2.        4.        3.
K            1.     OUT   30    10.        3.        5.        4.
K            1.     OUT   31    11.        4.        6.        5.
K            1.     OUT   32    12.        1.        5.        6.
K          1.000000 TORS  33    13.        7.        1.        6.
  0.78E+01  0.71E+01  0.74E+01  0.80E+01  0.77E+01  0.75E+01  0.83E+01  0.55E+01
  0.55E+01  0.55E+01  0.55E+01  0.55E+01  0.83E+01  0.14E+01  0.14E+01  0.15E+01
  0.10E+01  0.10E+01  0.10E+01  0.10E+01  0.10E+01  0.10E+01  0.10E+01  0.10E+01
  0.10E+01  0.10E+01  0.10E+01  0.10E+01  0.10E+01  0.10E+01  0.10E+01  0.10E+01
  0.10E+01
