 N      6.   -1.71136168    0.00000000   -0.00965327   12.00000000
 C      6.   -0.36783192    0.00000000   -2.36236276   12.00000000
 C      6.    2.22626349    0.00000000   -2.32736840   12.00000000
 C      6.    3.55066345    0.00000000    0.00664511   12.00000000
 C      6.    2.22568383    0.00000000    2.33210990   12.00000000
 C      6.   -0.37264485    0.00000000    2.35056578   12.00000000
 O      8.   -4.11963055    0.00000000    0.11212681   15.99491464
 H      1.   -1.42606085    0.00000000   -4.10703570    1.00782504
 H      1.    3.26774640    0.00000000   -4.08236824    1.00782504
 H      1.    5.59263176    0.00000000    0.00434329    1.00782504
 H      1.    3.26037738    0.00000000    4.08940014    1.00782504
 H      1.   -1.46705135    0.00000000    4.07053391    1.00782504
 H      1.   -4.95463652    0.00000000   -1.57906500    1.00782504
