 N     6.0   -1.71497870    0.00386938   -0.00975522   12.00000000
 C     6.0   -0.36940798   -0.04436860   -2.36593868   12.00000000
 C     6.0    2.22917317    0.03840836   -2.32771949   12.00000000
 C     6.0    3.55332668   -0.00238882    0.00727054   12.00000000
 C     6.0    2.22721473   -0.03490989    2.33234718   12.00000000
 C     6.0   -0.37374718    0.03406823    2.35142440   12.00000000
 O     8.0   -4.12024444    0.01978177    0.11501612   15.99491464
 H     1.0   -1.42719909    0.02118015   -4.11763450    1.00782504
 H     1.0    3.27009395    0.01038190   -4.08490850    1.00782504
 H     1.0    5.59535283    0.00324319    0.00514410    1.00782504
 H     1.0    3.25998884    0.00245165    4.09334453    1.00782504
 H     1.0   -1.46680542   -0.02023559    4.07644619    1.00782504
 H     1.0   -4.96182843   -0.01641467   -1.57903987    1.00782504
 N     6.0   -1.71762618    0.00769935   -0.00958441   12.00000000
 C     6.0   -0.37201155   -0.08916933   -2.36872166   12.00000000
 C     6.0    2.23266751    0.07710905   -2.32883503   12.00000000
 C     6.0    3.55647393   -0.00476550    0.00764149   12.00000000
 C     6.0    2.22974825   -0.07011377    2.33311717   12.00000000
 C     6.0   -0.37619683    0.06845790    2.35269900   12.00000000
 O     8.0   -4.12375389    0.03957013    0.11673164   15.99491464
 H     1.0   -1.42978021    0.04255576   -4.12489765    1.00782504
 H     1.0    3.27301448    0.02098884   -4.08769703    1.00782504
 H     1.0    5.59851587    0.00655020    0.00571531    1.00782504
 H     1.0    3.26120200    0.00445640    4.09668357    1.00782504
 H     1.0   -1.46822050   -0.04012969    4.08080774    1.00782504
 H     1.0   -4.96497989   -0.03320082   -1.57936517    1.00782504
 N     6.0   -1.71913900    0.01146479   -0.00948475   12.00000000
 C     6.0   -0.37340807   -0.13452084   -2.37050577   12.00000000
 C     6.0    2.23463581    0.11619441   -2.32925683   12.00000000
 C     6.0    3.55835983   -0.00710098    0.00781719   12.00000000
 C     6.0    2.23130952   -0.10570925    2.33337569   12.00000000
 C     6.0   -0.37771136    0.10325734    2.35360272   12.00000000
 O     8.0   -4.12605559    0.05933006    0.11773053   15.99491464
 H     1.0   -1.43131567    0.06386686   -4.12853744    1.00782504
 H     1.0    3.27474387    0.03194594   -4.08914382    1.00782504
 H     1.0    5.60040093    0.00999050    0.00603410    1.00782504
 H     1.0    3.26198118    0.00577744    4.09843034    1.00782504
 H     1.0   -1.46912531   -0.05942750    4.08284907    1.00782504
 H     1.0   -4.96693391   -0.05045590   -1.57958748    1.00782504
 N     6.0   -1.71947080    0.01514154   -0.00945907   12.00000000
 C     6.0   -0.37354551   -0.18054414   -2.37125483   12.00000000
 C     6.0    2.23502267    0.15575902   -2.32896036   12.00000000
 C     6.0    3.55893913   -0.00936723    0.00779414   12.00000000
 C     6.0    2.23186142   -0.14179817    2.33309805   12.00000000
 C     6.0   -0.37824890    0.13855834    2.35411078   12.00000000
 O     8.0   -4.12710426    0.07902841    0.11799437   15.99491464
 H     1.0   -1.43174035    0.08484432   -4.12850083    1.00782504
 H     1.0    3.27522599    0.04338290   -4.08922667    1.00782504
 H     1.0    5.60096150    0.01363222    0.00609990    1.00782504
 H     1.0    3.26229536    0.00617440    4.09858994    1.00782504
 H     1.0   -1.46948363   -0.07787097    4.08258447    1.00782504
 H     1.0   -4.96764183   -0.06827686   -1.57969430    1.00782504
 N     6.0   -1.71855666    0.01870694   -0.00951005   12.00000000
 C     6.0   -0.37235061   -0.22736323   -2.37092046   12.00000000
 C     6.0    2.23375441    0.19590033   -2.32791277   12.00000000
 C     6.0    3.55815145   -0.01153756    0.00756891   12.00000000
 C     6.0    2.23135457   -0.17848830    2.33225278   12.00000000
 C     6.0   -0.37775188    0.17445735    2.35419333   12.00000000
 O     8.0   -4.12683615    0.09863504    0.11749875   15.99491464
 H     1.0   -1.43098174    0.10520797   -4.12472629    1.00782504
 H     1.0    3.27439383    0.05543624   -4.08791223    1.00782504
 H     1.0    5.60013551    0.01754197    0.00591323    1.00782504
 H     1.0    3.26210910    0.00540035    4.09716505    1.00782504
 H     1.0   -1.46925362   -0.09519713    4.08003069    1.00782504
 H     1.0   -4.96703454   -0.08675906   -1.57967271    1.00782504
 N     6.0   -1.71631105    0.02214045   -0.00964012   12.00000000
 C     6.0   -0.36972676   -0.27510591   -2.36944081   12.00000000
 C     6.0    2.23073700    0.23671944   -2.32607186   12.00000000
 C     6.0    3.55591937   -0.01358704    0.00713816   12.00000000
 C     6.0    2.22972547   -0.21589524    2.33080076   12.00000000
 C     6.0   -0.37614525    0.21105693    2.35381483   12.00000000
 O     8.0   -4.12516667    0.11812396    0.11621290   15.99491464
 H     1.0   -1.42895980    0.12466405   -4.11714311    1.00782504
 H     1.0    3.27216809    0.06825235   -4.08515535    1.00782504
 H     1.0    5.59784331    0.02178451    0.00547594    1.00782504
 H     1.0    3.26138151    0.00319853    4.09415434    1.00782504
 H     1.0   -1.46838726   -0.11113629    4.07520573    1.00782504
 H     1.0   -4.96502020   -0.10599553   -1.57950897    1.00782504
