 N      7.   -2.18996537    0.00000000    0.00000000   12.00000000
 C      6.   -0.74939941    0.00000000    2.34677175   12.00000000
 C      6.    1.85640018    0.00000000    2.31756577   12.00000000
 C      6.    3.18392345    0.00000000    0.00000000   12.00000000
 C      6.    1.85640018    0.00000000   -2.31756577   12.00000000
 C      6.   -0.74939941    0.00000000   -2.34677175   12.00000000
 O      8.   -4.51954534    0.00000000    0.00000000   15.99491464
 H      1.   -1.80877667    0.00000000    4.09382748    1.00782504
 H      1.    2.90247794    0.00000000    4.07428219    1.00782504
 H      1.    5.22705676    0.00000000    0.00000000    1.00782504
 H      1.    2.90247794    0.00000000   -4.07428219    1.00782504
 H      1.   -1.80877667    0.00000000   -4.09382748    1.00782504
 H      1.   30.00000000    0.00000000    0.00000000    1.00782504
 N     7.0   -2.18495560    0.00000000    0.00000000   12.00000000
 C     6.0   -0.75138015    0.00000000    2.33538377   12.00000000
 C     6.0    1.85452219    0.00000000    2.31756577   12.00000000
 C     6.0    3.18204546    0.00000000    0.00000000   12.00000000
 C     6.0    1.85452219    0.00000000   -2.31756577   12.00000000
 C     6.0   -0.75138015    0.00000000   -2.33538377   12.00000000
 O     8.0   -4.51453557    0.00000000    0.00000000   15.99491464
 H     1.0   -1.81457233    0.00000000    4.08012051    1.00782504
 H     1.0    2.89675889    0.00000000    4.07656375    1.00782504
 H     1.0    5.22517877    0.00000000    0.00000000    1.00782504
 H     1.0    2.89675889    0.00000000   -4.07656375    1.00782504
 H     1.0   -1.81457233    0.00000000   -4.08012051    1.00782504
 H     1.0   30.00000000    0.00000000    0.00000000    1.00782504
 N     7.0   -2.18436230    0.00000000    0.00000000   12.00000000
 C     6.0   -0.74379634    0.00000000    2.34677175   12.00000000
 C     6.0    1.84864003    0.00000000    2.31756577   12.00000000
 C     6.0    3.17616330    0.00000000    0.00000000   12.00000000
 C     6.0    1.84864003    0.00000000   -2.31756577   12.00000000
 C     6.0   -0.74379634    0.00000000   -2.34677175   12.00000000
 O     8.0   -4.51394227    0.00000000    0.00000000   15.99491464
 H     1.0   -1.80312340    0.00000000    4.09385792    1.00782504
 H     1.0    2.89476827    0.00000000    4.07425213    1.00782504
 H     1.0    5.21929661    0.00000000    0.00000000    1.00782504
 H     1.0    2.89476827    0.00000000   -4.07425213    1.00782504
 H     1.0   -1.80312340    0.00000000   -4.09385792    1.00782504
 H     1.0   30.00000000    0.00000000    0.00000000    1.00782504
 N     7.0   -2.18914031    0.00000000    0.00000000   12.00000000
 C     6.0   -0.74857435    0.00000000    2.34677175   12.00000000
 C     6.0    1.85706948    0.00000000    2.30597088   12.00000000
 C     6.0    3.17795109    0.00000000    0.00000000   12.00000000
 C     6.0    1.85706948    0.00000000   -2.30597088   12.00000000
 C     6.0   -0.74857435    0.00000000   -2.34677175   12.00000000
 O     8.0   -4.51872028    0.00000000    0.00000000   15.99491464
 H     1.0   -1.80406199   -0.00000001    4.09618015    1.00782504
 H     1.0    2.90705315    0.00000001    4.06035554    1.00782504
 H     1.0    5.22108440    0.00000000    0.00000000    1.00782504
 H     1.0    2.90705315   -0.00000001   -4.06035554    1.00782504
 H     1.0   -1.80406199    0.00000001   -4.09618015    1.00782504
 H     1.0   30.00000000    0.00000000    0.00000000    1.00782504
 N     7.0   -2.19321429    0.00000000    0.00000000   12.00000000
 C     6.0   -0.75264833    0.00000000    2.34677175   12.00000000
 C     6.0    1.85315126    0.00000000    2.31756577   12.00000000
 C     6.0    3.18067453    0.00000000    0.00000000   12.00000000
 C     6.0    1.85315126    0.00000000   -2.31756577   12.00000000
 C     6.0   -0.75264833    0.00000000   -2.34677175   12.00000000
 O     8.0   -4.50389700    0.00000000    0.00000000   15.99491464
 H     1.0   -1.81202559    0.00000000    4.09382748    1.00782504
 H     1.0    2.89922902    0.00000000    4.07428219    1.00782504
 H     1.0    5.22380784    0.00000000    0.00000000    1.00782504
 H     1.0    2.89922902    0.00000000   -4.07428219    1.00782504
 H     1.0   -1.81202559    0.00000000   -4.09382748    1.00782504
 H     1.0   30.00000000    0.00000000    0.00000000    1.00782504
 N     7.0   -2.19011548    0.00000000    0.00000000   12.00000000
 C     6.0   -0.74954952    0.00000000    2.34677175   12.00000000
 C     6.0    1.85625007    0.00000000    2.31756577   12.00000000
 C     6.0    3.18377334    0.00000000    0.00000000   12.00000000
 C     6.0    1.85625007    0.00000000   -2.31756577   12.00000000
 C     6.0   -0.74954952    0.00000000   -2.34677175   12.00000000
 O     8.0   -4.51969545    0.00000000    0.00000000   15.99491464
 H     1.0   -1.80199838    0.00000000    4.08240161    1.00782504
 H     1.0    2.90232783    0.00000000    4.07428219    1.00782504
 H     1.0    5.22690665    0.00000000    0.00000000    1.00782504
 H     1.0    2.90232783    0.00000000   -4.07428219    1.00782504
 H     1.0   -1.80199838    0.00000000   -4.08240161    1.00782504
 H     1.0   30.00000000    0.00000000    0.00000000    1.00782504
 N     7.0   -2.18981725    0.00000000    0.00000000   12.00000000
 C     6.0   -0.74925129    0.00000000    2.34677175   12.00000000
 C     6.0    1.85654830    0.00000000    2.31756577   12.00000000
 C     6.0    3.18407157    0.00000000    0.00000000   12.00000000
 C     6.0    1.85654830    0.00000000   -2.31756577   12.00000000
 C     6.0   -0.74925129    0.00000000   -2.34677175   12.00000000
 O     8.0   -4.51939722    0.00000000    0.00000000   15.99491464
 H     1.0   -1.80862855    0.00000000    4.09382748    1.00782504
 H     1.0    2.89578942    0.00000000    4.06280118    1.00782504
 H     1.0    5.22720488    0.00000000    0.00000000    1.00782504
 H     1.0    2.89578942    0.00000000   -4.06280118    1.00782504
 H     1.0   -1.80862855    0.00000000   -4.09382748    1.00782504
 H     1.0   30.00000000    0.00000000    0.00000000    1.00782504
 N     7.0   -2.18976066    0.00000000    0.00000000   12.00000000
 C     6.0   -0.74919470    0.00000000    2.34677175   12.00000000
 C     6.0    1.85660489    0.00000000    2.31756577   12.00000000
 C     6.0    3.18412816    0.00000000    0.00000000   12.00000000
 C     6.0    1.85660489    0.00000000   -2.31756577   12.00000000
 C     6.0   -0.74919470    0.00000000   -2.34677175   12.00000000
 O     8.0   -4.51934063    0.00000000    0.00000000   15.99491464
 H     1.0   -1.80857196    0.00000000    4.09382748    1.00782504
 H     1.0    2.90268265    0.00000000    4.07428219    1.00782504
 H     1.0    5.20836421    0.00000000    0.00000000    1.00782504
 H     1.0    2.90268265    0.00000000   -4.07428219    1.00782504
 H     1.0   -1.80857196    0.00000000   -4.09382748    1.00782504
 H     1.0   30.00000000    0.00000000    0.00000000    1.00782504
 N     7.0   -2.19817483    0.00000000    0.00000000   12.00000000
 C     6.0   -0.74589307    0.00000000    2.33953962   12.00000000
 C     6.0    1.85997754    0.00000000    2.31756577   12.00000000
 C     6.0    3.18750081    0.00000000    0.00000000   12.00000000
 C     6.0    1.85997754    0.00000000   -2.31756577   12.00000000
 C     6.0   -0.74589307    0.00000000   -2.33953962   12.00000000
 O     8.0   -4.52775480    0.00000000    0.00000000   15.99491464
 H     1.0   -1.80332639    0.00000001    4.08777263    1.00782504
 H     1.0    2.90361653   -0.00000001    4.07573212    1.00782504
 H     1.0    5.23063412    0.00000000    0.00000000    1.00782504
 H     1.0    2.90361653    0.00000001   -4.07573212    1.00782504
 H     1.0   -1.80332639   -0.00000001   -4.08777263    1.00782504
 H     1.0   30.00000000    0.00000000    0.00000000    1.00782504
 N     7.0   -2.19155027    0.00000000    0.00000000   12.00000000
 C     6.0   -0.75098431    0.00000000    2.34677175   12.00000000
 C     6.0    1.85473203    0.00000000    2.31089921   12.00000000
 C     6.0    3.19382649    0.00000000    0.00000000   12.00000000
 C     6.0    1.85473203    0.00000000   -2.31089921   12.00000000
 C     6.0   -0.75098431    0.00000000   -2.34677175   12.00000000
 O     8.0   -4.52113024    0.00000000    0.00000000   15.99491464
 H     1.0   -1.80812587    0.00000001    4.09518120    1.00782504
 H     1.0    2.89866441   -0.00000001    4.06889138    1.00782504
 H     1.0    5.23695980    0.00000000    0.00000000    1.00782504
 H     1.0    2.89866441    0.00000001   -4.06889138    1.00782504
 H     1.0   -1.80812587   -0.00000001   -4.09518120    1.00782504
 H     1.0   30.00000000    0.00000000    0.00000000    1.00782504
 N     7.0   -2.18977640    0.00000000    0.00000000   12.00000000
 C     6.0   -0.74921044    0.00000000    2.34677175   12.00000000
 C     6.0    1.85658915    0.00000000    2.31756577   12.00000000
 C     6.0    3.18411242    0.00000000    0.00000000   12.00000000
 C     6.0    1.85658915    0.00000000   -2.31756577   12.00000000
 C     6.0   -0.74921044    0.00000000   -2.34677175   12.00000000
 O     8.0   -4.51935637    0.00000000    0.00000000   15.99491464
 H     1.0   -1.81730970    0.00000000    4.08850878    1.00782504
 H     1.0    2.90266691    0.00000000    4.07428219    1.00782504
 H     1.0    5.22724573    0.00000000    0.00000000    1.00782504
 H     1.0    2.90266691    0.00000000   -4.07428219    1.00782504
 H     1.0   -1.81730970    0.00000000   -4.08850878    1.00782504
 H     1.0   30.00000000    0.00000000    0.00000000    1.00782504
 N     7.0   -2.18977478    0.00000000    0.00000000   12.00000000
 C     6.0   -0.74920882    0.00000000    2.34677175   12.00000000
 C     6.0    1.85659077    0.00000000    2.31756577   12.00000000
 C     6.0    3.18411404    0.00000000    0.00000000   12.00000000
 C     6.0    1.85659077    0.00000000   -2.31756577   12.00000000
 C     6.0   -0.74920882    0.00000000   -2.34677175   12.00000000
 O     8.0   -4.51935475    0.00000000    0.00000000   15.99491464
 H     1.0   -1.80858608    0.00000001    4.09382748    1.00782504
 H     1.0    2.89387190   -0.00000001    4.07949060    1.00782504
 H     1.0    5.22724735    0.00000000    0.00000000    1.00782504
 H     1.0    2.89387190    0.00000001   -4.07949060    1.00782504
 H     1.0   -1.80858608   -0.00000001   -4.09382748    1.00782504
 H     1.0   30.00000000    0.00000000    0.00000000    1.00782504
 N     7.0   -2.18995973    0.00000000    0.00675264   12.00000000
 C     6.0   -0.75505460    0.00000000    2.34131967   12.00000000
 C     6.0    1.85077090    0.00000000    2.31452470   12.00000000
 C     6.0    3.18391722   -0.00000001    0.00018894   12.00000000
 C     6.0    1.86202483    0.00000000   -2.32059318   12.00000000
 C     6.0   -0.74374637    0.00000000   -2.35223104   12.00000000
 O     8.0   -4.51953932    0.00000000    0.00807924   15.99491464
 H     1.0   -1.81474263    0.00000000    4.08818691    1.00782504
 H     1.0    2.89390187    0.00000001    4.07299251    1.00782504
 H     1.0    5.22704451   -0.00000002    0.00514960    1.00782504
 H     1.0    2.91105348    0.00000001   -4.07554906    1.00782504
 H     1.0   -1.80280582    0.00000000   -4.09947944    1.00782504
 H     1.0   30.00000000    0.00000000    0.00000000    1.00782504
 N     7.0   -2.18996229    0.00000000   -0.00016836   12.00000000
 C     6.0   -0.74413275    0.00000000    2.34336421   12.00000000
 C     6.0    1.84832282    0.00000000    2.31591587   12.00000000
 C     6.0    3.18391425    0.00000000    0.00299030   12.00000000
 C     6.0    1.86447526    0.00000000   -2.31918753   12.00000000
 C     6.0   -0.75466716    0.00000000   -2.35016747   12.00000000
 O     8.0   -4.51953639    0.00000000    0.00506026   15.99491464
 H     1.0   -1.80209085    0.00000000    4.09127970    1.00782504
 H     1.0    2.89079270    0.00000000    4.07477566    1.00782504
 H     1.0    5.22703515    0.00000001    0.01011019    1.00782504
 H     1.0    2.91415641   -0.00000001   -4.07375322    1.00782504
 H     1.0   -1.81546297    0.00000000   -4.09636224    1.00782504
 H     1.0   30.00000000    0.00000000    0.00000000    1.00782504
 N     7.0   -2.18996190    0.00000000    0.00144851   12.00000000
 C     6.0   -0.75229225    0.00000000    2.34999570   12.00000000
 C     6.0    1.85350184    0.00000000    2.32030353   12.00000000
 C     6.0    3.18390544    0.00000000   -0.01100764   12.00000000
 C     6.0    1.85930338    0.00000000   -2.31484341   12.00000000
 C     6.0   -0.74650182    0.00000000   -2.34354422   12.00000000
 O     8.0   -4.51954010    0.00000000   -0.00142549   15.99491464
 H     1.0   -1.81258406   -0.00000001    4.09649655    1.00782504
 H     1.0    2.90116086    0.00000001    4.07607739    1.00782504
 H     1.0    5.22703608    0.00000000   -0.01430555    1.00782504
 H     1.0    2.90379263   -0.00000001   -4.07250477    1.00782504
 H     1.0   -1.80497061    0.00000001   -4.09115051    1.00782504
 H     1.0   30.00000000    0.00000000    0.00000000    1.00782504
 N     7.0   -2.18996537    0.00000000    0.00020442   12.00000000
 C     6.0   -0.74945248    0.00000000    2.34700875   12.00000000
 C     6.0    1.85634777    0.00000000    2.31786170   12.00000000
 C     6.0    3.18392345    0.00000000    0.00032596   12.00000000
 C     6.0    1.85645259    0.00000000   -2.31726984   12.00000000
 C     6.0   -0.74934634    0.00000000   -2.34653475   12.00000000
 O     8.0   -4.51954534    0.00000000    0.00015173   15.99491464
 H     1.0   -1.80194085    0.00000000    4.08261465    1.00782504
 H     1.0    2.90238580    0.00000000    4.07460178    1.00782504
 H     1.0    5.22705676    0.00000000    0.00037216    1.00782504
 H     1.0    2.90257008    0.00000000   -4.07396260    1.00782504
 H     1.0   -1.81561249    0.00000000   -4.10504031    1.00782504
 H     1.0   30.00000000    0.00000000    0.00000000    1.00782504
 N     7.0   -2.18996537    0.00000000    0.00021434   12.00000000
 C     6.0   -0.74944174    0.00000000    2.34701208   12.00000000
 C     6.0    1.85635837    0.00000000    2.31785310   12.00000000
 C     6.0    3.18392345    0.00000000    0.00031128   12.00000000
 C     6.0    1.85644199    0.00000000   -2.31727844   12.00000000
 C     6.0   -0.74935708    0.00000000   -2.34653142   12.00000000
 O     8.0   -4.51954534    0.00000000    0.00017232   15.99491464
 H     1.0   -1.80885052    0.00000000    4.09404870    1.00782504
 H     1.0    2.89556781    0.00000000    4.06310738    1.00782504
 H     1.0    5.22705676    0.00000000    0.00034814    1.00782504
 H     1.0    2.90938807    0.00000000   -4.08545700    1.00782504
 H     1.0   -1.80870282    0.00000000   -4.09360626    1.00782504
 H     1.0   30.00000000    0.00000000    0.00000000    1.00782504
 N     7.0   -2.18997089    0.00000000    0.00501741   12.00000000
 C     6.0   -0.74671660    0.00000000    2.35013681   12.00000000
 C     6.0    1.85904781    0.00000000    2.31794474   12.00000000
 C     6.0    3.18391441    0.00000000   -0.00114078   12.00000000
 C     6.0    1.85373620    0.00000000   -2.31718375   12.00000000
 C     6.0   -0.75209515    0.00000000   -2.34340361   12.00000000
 O     8.0   -4.51950996    0.00000000   -0.00878555   15.99491464
 H     1.0   -1.80409113    0.00000000    4.09840538    1.00782504
 H     1.0    2.90713799    0.00000000    4.07346126    1.00782504
 H     1.0    5.22704637    0.00000001   -0.00348210    1.00782504
 H     1.0    2.89780017   -0.00000001   -4.07509777    1.00782504
 H     1.0   -1.81347374    0.00000000   -4.08924420    1.00782504
 H     1.0   30.00000000    0.00000000    0.00000000    1.00782504
 N     7.0   -2.18996564    0.00000000    0.00028777   12.00000000
 C     6.0   -0.74918678    0.00000000    2.34692882   12.00000000
 C     6.0    1.85661015    0.00000000    2.31748644   12.00000000
 C     6.0    3.18392316   -0.00000001   -0.00019976   12.00000000
 C     6.0    1.85618964    0.00000000   -2.31764509   12.00000000
 C     6.0   -0.74961259    0.00000000   -2.34661466   12.00000000
 O     8.0   -4.51954560    0.00000000    0.00049912   15.99491464
 H     1.0   -1.81712802    0.00000000    4.08876274    1.00782504
 H     1.0    2.90284728    0.00000001    4.07410795    1.00782504
 H     1.0    5.22705646   -0.00000002   -0.00038512    1.00782504
 H     1.0    2.90210802    0.00000001   -4.07445640    1.00782504
 H     1.0   -1.80040034    0.00000000   -4.09885009    1.00782504
 H     1.0   30.00000000    0.00000000    0.00000000    1.00782504
 N     7.0   -2.18996509    0.00000000    0.00009365   12.00000000
 C     6.0   -0.74914445    0.00000000    2.34670904   12.00000000
 C     6.0    1.85665196    0.00000000    2.31722026   12.00000000
 C     6.0    3.18392370    0.00000000   -0.00048957   12.00000000
 C     6.0    1.85614892    0.00000000   -2.31791125   12.00000000
 C     6.0   -0.74965383    0.00000000   -2.34683443   12.00000000
 O     8.0   -4.51954504    0.00000000    0.00034647   15.99491464
 H     1.0   -1.80833209    0.00000000    4.09387973    1.00782504
 H     1.0    2.89412431    0.00000001    4.07903250    1.00782504
 H     1.0    5.22705700   -0.00000001   -0.00071131    1.00782504
 H     1.0    2.91080706    0.00000000   -4.06948982    1.00782504
 H     1.0   -1.80922069    0.00000000   -4.09377518    1.00782504
 H     1.0   30.00000000    0.00000000    0.00000000    1.00782504
 N     7.0   -2.18996482    0.00000000    0.00000056   12.00000000
 C     6.0   -0.74920559    0.00000000    2.34665366   12.00000000
 C     6.0    1.85659159    0.00000000    2.31723306   12.00000000
 C     6.0    3.18392398    0.00000000   -0.00044203   12.00000000
 C     6.0    1.85620984    0.00000000   -2.31789846   12.00000000
 C     6.0   -0.74959215    0.00000000   -2.34688983   12.00000000
 O     8.0   -4.51954479    0.00000000    0.00019243   15.99491464
 H     1.0   -1.80843896    0.00000000    4.09379663    1.00782504
 H     1.0    2.90281403    0.00000001    4.07386332    1.00782504
 H     1.0    5.22700739   -0.00000001    0.01383671    1.00782504
 H     1.0    2.90214291    0.00000000   -4.07470103    1.00782504
 H     1.0   -1.80911329    0.00000000   -4.09385830    1.00782504
 H     1.0   30.00000000    0.00000000    0.00000000    1.00782504
 N     7.0   -2.18995781    0.00000000    0.00259659   12.00000000
 C     6.0   -0.75286343    0.00000000    2.35149584   12.00000000
 C     6.0    1.85281835    0.00000000    2.31319529   12.00000000
 C     6.0    3.18391199    0.00000000   -0.00232168   12.00000000
 C     6.0    1.85996223    0.00000000   -2.32193074   12.00000000
 C     6.0   -0.74592342    0.00000000   -2.34204253   12.00000000
 O     8.0   -4.51953523    0.00000000   -0.00084799   15.99491464
 H     1.0   -1.81048299    0.00000000    4.09961620    1.00782504
 H     1.0    2.90060750    0.00000000    4.06889150    1.00782504
 H     1.0    5.22704287    0.00000000    0.00082729    1.00782504
 H     1.0    2.90432786    0.00000000   -4.07966556    1.00782504
 H     1.0   -1.80705706    0.00000000   -4.08803201    1.00782504
 H     1.0   30.00000000    0.00000000    0.00000000    1.00782504
 N     7.0   -2.18996204    0.00008160    0.00000000   12.00000000
 C     6.0   -0.74939638   -0.00083501    2.34677175   12.00000000
 C     6.0    1.85640269   -0.00249305    2.31756577   12.00000000
 C     6.0    3.18390617    0.00475532    0.00000000   12.00000000
 C     6.0    1.85640269   -0.00249305   -2.31756577   12.00000000
 C     6.0   -0.74939638   -0.00083501   -2.34677175   12.00000000
 O     8.0   -4.51954154    0.00156388    0.00000000   15.99491464
 H     1.0   -1.80877342   -0.00016095    4.09382748    1.00782504
 H     1.0    2.90248557   -0.00937398    4.07426566    1.00782504
 H     1.0    5.22700902    0.01591098    0.00000000    1.00782504
 H     1.0    2.90248557   -0.00937398   -4.07426566    1.00782504
 H     1.0   -1.80877342   -0.00016095   -4.09382748    1.00782504
 H     1.0   30.00000000    0.00000000    0.00000000    1.00782504
 N     7.0   -2.18995738    0.00129078    0.00000000   12.00000000
 C     6.0   -0.74939968    0.00617142    2.34677175   12.00000000
 C     6.0    1.85639055   -0.00081143    2.31756577   12.00000000
 C     6.0    3.18390905   -0.00436883    0.00000000   12.00000000
 C     6.0    1.85639055   -0.00081143   -2.31756577   12.00000000
 C     6.0   -0.74939968    0.00617142   -2.34677175   12.00000000
 O     8.0   -4.51952398   -0.00660185    0.00000000   15.99491464
 H     1.0   -1.80876588    0.01542902    4.09380966    1.00782504
 H     1.0    2.90246455   -0.00361464    4.07428219    1.00782504
 H     1.0    5.22703503   -0.00984389    0.00000000    1.00782504
 H     1.0    2.90246455   -0.00361464   -4.07428219    1.00782504
 H     1.0   -1.80876588    0.01542902   -4.09380966    1.00782504
 H     1.0   30.00000000    0.00000000    0.00000000    1.00782504
 N     7.0   -2.18996991   -0.00866699    0.00000000   12.00000000
 C     6.0   -0.74940825   -0.00514543    2.34677175   12.00000000
 C     6.0    1.85638355    0.00122461    2.31756577   12.00000000
 C     6.0    3.18390286    0.00446983    0.00000000   12.00000000
 C     6.0    1.85638355    0.00122461   -2.31756577   12.00000000
 C     6.0   -0.74940825   -0.00514543   -2.34677175   12.00000000
 O     8.0   -4.51948339    0.00893383    0.00000000   15.99491464
 H     1.0   -1.80878235   -0.00773515    4.09382748    1.00782504
 H     1.0    2.90245819    0.00378181    4.07428219    1.00782504
 H     1.0    5.22703006    0.00946440    0.00000000    1.00782504
 H     1.0    2.90245819    0.00378181   -4.07428219    1.00782504
 H     1.0   -1.80878235   -0.00773515   -4.09382748    1.00782504
 H     1.0   30.00000000    0.00000000    0.00000000    1.00782504
 N     7.0   -2.18996427    0.00011373    0.00000000   12.00000000
 C     6.0   -0.74939834   -0.00013937    2.34677175   12.00000000
 C     6.0    1.85640121   -0.00059719    2.31756577   12.00000000
 C     6.0    3.18392446   -0.00083044    0.00000000   12.00000000
 C     6.0    1.85640121   -0.00059719   -2.31756577   12.00000000
 C     6.0   -0.74939834   -0.00013937   -2.34677175   12.00000000
 O     8.0   -4.51954421    0.00052302    0.00000000   15.99491464
 H     1.0   -1.80877558    0.00004676    4.09382748    1.00782504
 H     1.0    2.90247896   -0.00078096    4.07428219    1.00782504
 H     1.0    5.22695918    0.01924158    0.00000000    1.00782504
 H     1.0    2.90247896   -0.00078096   -4.07428219    1.00782504
 H     1.0   -1.80877558    0.00004676   -4.09382748    1.00782504
 H     1.0   30.00000000    0.00000000    0.00000000    1.00782504
 N     7.0   -2.18996587   -0.00044423    0.00000000   12.00000000
 C     6.0   -0.74939991   -0.00034510    2.34677175   12.00000000
 C     6.0    1.85639967   -0.00016580    2.31756577   12.00000000
 C     6.0    3.18392294   -0.00007447    0.00000000   12.00000000
 C     6.0    1.85639967   -0.00016580   -2.31756577   12.00000000
 C     6.0   -0.74939991   -0.00034510   -2.34677175   12.00000000
 O     8.0   -4.51954583   -0.00060453    0.00000000   15.99491464
 H     1.0   -1.80875402    0.01402917    4.09378238    1.00782504
 H     1.0    2.90247743   -0.00009381    4.07428219    1.00782504
 H     1.0    5.22705625    0.00006609    0.00000000    1.00782504
 H     1.0    2.90247743   -0.00009381   -4.07428219    1.00782504
 H     1.0   -1.80875402    0.01402917   -4.09378238    1.00782504
 H     1.0   30.00000000    0.00000000    0.00000000    1.00782504
 N     7.0   -2.18996484    0.00003910    0.00000000   12.00000000
 C     6.0   -0.74939889    0.00024618    2.34677175   12.00000000
 C     6.0    1.85640067    0.00062074    2.31756577   12.00000000
 C     6.0    3.18392393    0.00081157    0.00000000   12.00000000
 C     6.0    1.85640067    0.00062075   -2.31756577   12.00000000
 C     6.0   -0.74939889    0.00024617   -2.34677175   12.00000000
 O     8.0   -4.51954478   -0.00029577    0.00000000   15.99491464
 H     1.0   -1.80877614    0.00009390    4.09382748    1.00782504
 H     1.0    2.90245471   -0.01368618    4.07423806    1.00782504
 H     1.0    5.22705722    0.00110526    0.00000000    1.00782504
 H     1.0    2.90245471   -0.01368617   -4.07423806    1.00782504
 H     1.0   -1.80877614    0.00009388   -4.09382748    1.00782504
 H     1.0   30.00000000    0.00000000    0.00000000    1.00782504
 N     7.0   -2.18996196    0.00000000    0.00000000   12.00000000
 C     6.0   -0.74939600   -0.00323478    2.34676952   12.00000000
 C     6.0    1.85639546    0.00327559    2.31756346   12.00000000
 C     6.0    3.18391873    0.00000000    0.00000000   12.00000000
 C     6.0    1.85639546   -0.00327559   -2.31756346   12.00000000
 C     6.0   -0.74939600    0.00323478   -2.34676952   12.00000000
 O     8.0   -4.51954193    0.00000000    0.00000000   15.99491464
 H     1.0   -1.80876210   -0.01089992    4.09381520    1.00782504
 H     1.0    2.90246197    0.01095191    4.07426981    1.00782504
 H     1.0    5.22705204    0.00000000    0.00000000    1.00782504
 H     1.0    2.90246197   -0.01095191   -4.07426981    1.00782504
 H     1.0   -1.80876210    0.01089992   -4.09381520    1.00782504
 H     1.0   30.00000000    0.00000000    0.00000000    1.00782504
 N     7.0   -2.18996589    0.00000000    0.00000000   12.00000000
 C     6.0   -0.74939993   -0.00085212    2.34677160   12.00000000
 C     6.0    1.85639966   -0.00084151    2.31756562   12.00000000
 C     6.0    3.18392293   -0.00000001    0.00000000   12.00000000
 C     6.0    1.85639966    0.00084152   -2.31756562   12.00000000
 C     6.0   -0.74939993    0.00085212   -2.34677160   12.00000000
 O     8.0   -4.51954586    0.00000000    0.00000000   15.99491464
 H     1.0   -1.80875305    0.01296070    4.09378736    1.00782504
 H     1.0    2.90247742   -0.00147936    4.07428192    1.00782504
 H     1.0    5.22705624   -0.00000005    0.00000000    1.00782504
 H     1.0    2.90247742    0.00147941   -4.07428192    1.00782504
 H     1.0   -1.80875305   -0.01296070   -4.09378736    1.00782504
 H     1.0   30.00000000    0.00000000    0.00000000    1.00782504
 N     7.0   -2.18996481    0.00000000    0.00000000   12.00000000
 C     6.0   -0.74939885    0.00084865    2.34677160   12.00000000
 C     6.0    1.85640074    0.00083808    2.31756562   12.00000000
 C     6.0    3.18392401    0.00000000    0.00000000   12.00000000
 C     6.0    1.85640074   -0.00083808   -2.31756562   12.00000000
 C     6.0   -0.74939885   -0.00084865   -2.34677160   12.00000000
 O     8.0   -4.51954478    0.00000000    0.00000000   15.99491464
 H     1.0   -1.80877611    0.00148042    4.09382721    1.00782504
 H     1.0    2.90245271   -0.01298395    4.07424302    1.00782504
 H     1.0    5.22705732    0.00000000    0.00000000    1.00782504
 H     1.0    2.90245271    0.01298395   -4.07424302    1.00782504
 H     1.0   -1.80877611   -0.00148042   -4.09382721    1.00782504
 H     1.0   30.00000000    0.00000000    0.00000000    1.00782504
