 N      6.   -1.71122577    0.00000000   -0.00999422   12.00000000
 C      6.   -0.36562951   -0.00000000   -2.36218173   12.00000000
 C      6.    2.22419110    0.00000000   -2.32592702   12.00000000
 C      6.    3.54894942   -0.00000000    0.00670778   12.00000000
 C      6.    2.22373488   -0.00000000    2.33108398   12.00000000
 C      6.   -0.37039006    0.00000000    2.34979888   12.00000000
 O      8.   -4.11555529    0.00000000    0.11259681   15.99491464
 H      1.   -1.42362980    0.00000000   -4.10679259    1.00782504
 H      1.    3.26602861    0.00000000   -4.08078977    1.00782504
 H      1.    5.59094387   -0.00000000    0.00432198    1.00782504
 H      1.    3.25836888   -0.00000000    4.08840625    1.00782504
 H      1.   -1.46491091    0.00000000    4.06975343    1.00782504
 H      1.   -4.95750909   -0.00000000   -1.57862355    1.00782504
 N      6.   -1.71140935   -0.00000003   -0.01003584   12.00000000
 C      6.   -0.36576171   -0.00000004   -2.36227531   12.00000000
 C      6.    2.22412066    0.00000005   -2.32604565   12.00000000
 C      6.    3.54876949   -0.00000003    0.00665668   12.00000000
 C      6.    2.22364642    0.00000003    2.33103937   12.00000000
 C      6.   -0.37041960   -0.00000001    2.34988345   12.00000000
 O      8.   -4.11591260    0.00000009    0.11312002   15.99491464
 H      1.   -1.42354989   -0.00000030   -4.10704080    1.00782504
 H      1.    3.26602914    0.00000020   -4.08086640    1.00782504
 H      1.    5.59075824   -0.00000014    0.00426593    1.00782504
 H      1.    3.25837748    0.00000011    4.08829181    1.00782504
 H      1.   -1.46489179   -0.00000010    4.06987144    1.00782504
 H      1.   -4.95826690    0.00000025   -1.57783106    1.00782504
 N      6.   -1.71163906    0.00000002   -0.00995445   12.00000000
 C      6.   -0.36620931    0.00000002   -2.36233035   12.00000000
 C      6.    2.22455400   -0.00000005   -2.32608028   12.00000000
 C      6.    3.54934588    0.00000004    0.00684919   12.00000000
 C      6.    2.22381781    0.00000002    2.33088040   12.00000000
 C      6.   -0.37037874   -0.00000005    2.34955334   12.00000000
 O      8.   -4.11597215   -0.00000002    0.11294822   15.99491464
 H      1.   -1.42452247    0.00000005   -4.10677854    1.00782504
 H      1.    3.26668650   -0.00000021   -4.08079679    1.00782504
 H      1.    5.59133623    0.00000013    0.00472037    1.00782504
 H      1.    3.25835341    0.00000002    4.08824883    1.00782504
 H      1.   -1.46478566   -0.00000013    4.06957877    1.00782504
 H      1.   -4.95813972    0.00000016   -1.57811611    1.00782504
 N      6.   -1.71109438    0.00000000   -0.00995716   12.00000000
 C      6.   -0.36571804    0.00000002   -2.36229326   12.00000000
 C      6.    2.22439120    0.00000001   -2.32613404   12.00000000
 C      6.    3.54907865   -0.00000003    0.00658076   12.00000000
 C      6.    2.22371921    0.00000000    2.33119280   12.00000000
 C      6.   -0.37023419    0.00000003    2.34982388   12.00000000
 O      8.   -4.11543698   -0.00000001    0.11261724   15.99491464
 H      1.   -1.42387303    0.00000010   -4.10681422    1.00782504
 H      1.    3.26603733    0.00000002   -4.08112792    1.00782504
 H      1.    5.59109294   -0.00000009    0.00449365    1.00782504
 H      1.    3.25835068    0.00000002    4.08851199    1.00782504
 H      1.   -1.46476331   -0.00000001    4.06976660    1.00782504
 H      1.   -4.95740874   -0.00000028   -1.57858361    1.00782504
 N      6.   -1.71110486    0.00000000   -0.01004076   12.00000000
 C      6.   -0.36549524   -0.00000003   -2.36219149   12.00000000
 C      6.    2.22415723    0.00000002   -2.32602236   12.00000000
 C      6.    3.54909935   -0.00000003    0.00682311   12.00000000
 C      6.    2.22393901    0.00000003    2.33130611   12.00000000
 C      6.   -0.37048674   -0.00000002    2.34990169   12.00000000
 O      8.   -4.11545467    0.00000009    0.11255256   15.99491464
 H      1.   -1.42351084    0.00000000   -4.10678375    1.00782504
 H      1.    3.26595461    0.00000012   -4.08090400    1.00782504
 H      1.    5.59111211   -0.00000012    0.00416564    1.00782504
 H      1.    3.25839214    0.00000012    4.08875092    1.00782504
 H      1.   -1.46515784   -0.00000015    4.06976527    1.00782504
 H      1.   -4.95739628   -0.00000002   -1.57865137    1.00782504
 N      6.   -1.71141359    0.00000003   -0.00997537   12.00000000
 C      6.   -0.36564995   -0.00000008   -2.36227543   12.00000000
 C      6.    2.22408795    0.00000004   -2.32588322   12.00000000
 C      6.    3.54875074    0.00000002    0.00678356   12.00000000
 C      6.    2.22362577   -0.00000003    2.33121081   12.00000000
 C      6.   -0.37054448    0.00000001    2.34986675   12.00000000
 O      8.   -4.11599329    0.00000014    0.11203463   15.99491464
 H      1.   -1.42358612   -0.00000021   -4.10692876    1.00782504
 H      1.    3.26600749    0.00000018   -4.08068433    1.00782504
 H      1.    5.59074002    0.00000001    0.00445164    1.00782504
 H      1.    3.25832676   -0.00000009    4.08849122    1.00782504
 H      1.   -1.46488177   -0.00000004    4.06994940    1.00782504
 H      1.   -4.95760642    0.00000002   -1.57927540    1.00782504
 N      6.   -1.71159294    0.00000002   -0.01002892   12.00000000
 C      6.   -0.36562044   -0.00000007   -2.36196712   12.00000000
 C      6.    2.22427966    0.00000006   -2.32575454   12.00000000
 C      6.    3.54925083   -0.00000001    0.00658143   12.00000000
 C      6.    2.22389325   -0.00000004    2.33123475   12.00000000
 C      6.   -0.37088346    0.00000005    2.34992740   12.00000000
 O      8.   -4.11596544    0.00000006    0.11224584   15.99491464
 H      1.   -1.42352421   -0.00000013   -4.10663618    1.00782504
 H      1.    3.26603376    0.00000029   -4.08065429    1.00782504
 H      1.    5.59124068   -0.00000009    0.00405389    1.00782504
 H      1.    3.25880305   -0.00000014    4.08841920    1.00782504
 H      1.   -1.46568520    0.00000003    4.06972199    1.00782504
 H      1.   -4.95771867   -0.00000013   -1.57902226    1.00782504
 N      6.   -1.71177376    0.00000002   -0.00999834   12.00000000
 C      6.   -0.36563991   -0.00000007   -2.36213694   12.00000000
 C      6.    2.22414446    0.00000009   -2.32584241   12.00000000
 C      6.    3.54894825   -0.00000004    0.00673163   12.00000000
 C      6.    2.22368032   -0.00000004    2.33105481   12.00000000
 C      6.   -0.37041809    0.00000005    2.34978664   12.00000000
 O      8.   -4.11682019    0.00000001    0.11242631   15.99491464
 H      1.   -1.42354146   -0.00000022   -4.10681455    1.00782504
 H      1.    3.26600200    0.00000031   -4.08069394    1.00782504
 H      1.    5.59093703   -0.00000018    0.00436361    1.00782504
 H      1.    3.25835435   -0.00000009    4.08835058    1.00782504
 H      1.   -1.46483932    0.00000008    4.06980528    1.00782504
 H      1.   -4.95946890   -0.00000013   -1.57854330    1.00782504
 N      6.   -1.71116949    0.00000002   -0.00997796   12.00000000
 C      6.   -0.36560527   -0.00000004   -2.36220842   12.00000000
 C      6.    2.22420813    0.00000008   -2.32584393   12.00000000
 C      6.    3.54897009   -0.00000005    0.00677846   12.00000000
 C      6.    2.22376695   -0.00000004    2.33113699   12.00000000
 C      6.   -0.37033062    0.00000008    2.34982693   12.00000000
 O      8.   -4.11552820   -0.00000009    0.11262253   15.99491464
 H      1.   -1.42370024   -0.00000012   -4.10705735    1.00782504
 H      1.    3.26608651    0.00000028   -4.08067627    1.00782504
 H      1.    5.59096092   -0.00000020    0.00441579    1.00782504
 H      1.    3.25843446   -0.00000013    4.08843572    1.00782504
 H      1.   -1.46486757    0.00000016    4.06976909    1.00782504
 H      1.   -4.95755035   -0.00000028   -1.57855246    1.00782504
 N      6.   -1.71126381   -0.00000001   -0.00994173   12.00000000
 C      6.   -0.36564259   -0.00000008   -2.36212316   12.00000000
 C      6.    2.22418037    0.00000011   -2.32594616   12.00000000
 C      6.    3.54886594   -0.00000005    0.00673669   12.00000000
 C      6.    2.22368429   -0.00000003    2.33111684   12.00000000
 C      6.   -0.37040866    0.00000006    2.34984562   12.00000000
 O      8.   -4.11562208    0.00000008    0.11266082   15.99491464
 H      1.   -1.42366422   -0.00000034   -4.10672056    1.00782504
 H      1.    3.26618352    0.00000041   -4.08101526    1.00782504
 H      1.    5.59085978   -0.00000019    0.00437933    1.00782504
 H      1.    3.25836556   -0.00000007    4.08840666    1.00782504
 H      1.   -1.46493532    0.00000003    4.06979798    1.00782504
 H      1.   -4.95761299   -0.00000002   -1.57851152    1.00782504
 N      6.   -1.71127805    0.00000001   -0.00999998   12.00000000
 C      6.   -0.36565975   -0.00000003   -2.36217455   12.00000000
 C      6.    2.22413220    0.00000012   -2.32588956   12.00000000
 C      6.    3.54896713   -0.00000010    0.00671129   12.00000000
 C      6.    2.22367972   -0.00000005    2.33105278   12.00000000
 C      6.   -0.37041773    0.00000013    2.34978817   12.00000000
 O      8.   -4.11563239   -0.00000018    0.11258335   15.99491464
 H      1.   -1.42366591   -0.00000013   -4.10678172    1.00782504
 H      1.    3.26598049    0.00000042   -4.08074318    1.00782504
 H      1.    5.59122088   -0.00000040    0.00434162    1.00782504
 H      1.    3.25834440   -0.00000014    4.08835458    1.00782504
 H      1.   -1.46494728    0.00000029    4.06973709    1.00782504
 H      1.   -4.95761072   -0.00000042   -1.57859562    1.00782504
 N      6.   -1.71126174   -0.00000002   -0.01005830   12.00000000
 C      6.   -0.36565174    0.00000012   -2.36223355   12.00000000
 C      6.    2.22413696   -0.00000013   -2.32595563   12.00000000
 C      6.    3.54886405    0.00000002    0.00668511   12.00000000
 C      6.    2.22372340    0.00000012    2.33110727   12.00000000
 C      6.   -0.37039847   -0.00000012    2.34973325   12.00000000
 O      8.   -4.11562009    0.00000005    0.11251235   15.99491464
 H      1.   -1.42365854    0.00000034   -4.10684329    1.00782504
 H      1.    3.26600279   -0.00000041   -4.08079711    1.00782504
 H      1.    5.59085834    0.00000010    0.00430757    1.00782504
 H      1.    3.25854589    0.00000028    4.08863775    1.00782504
 H      1.   -1.46494611   -0.00000039    4.06967248    1.00782504
 H      1.   -4.95758670    0.00000010   -1.57867332    1.00782504
 N      6.   -1.71115693    0.00000002   -0.01002786   12.00000000
 C      6.   -0.36557182    0.00000001   -2.36222648   12.00000000
 C      6.    2.22422027   -0.00000007   -2.32598024   12.00000000
 C      6.    3.54896617    0.00000008    0.00664276   12.00000000
 C      6.    2.22375042    0.00000000    2.33100716   12.00000000
 C      6.   -0.37036257   -0.00000006    2.34980952   12.00000000
 O      8.   -4.11551280    0.00000009    0.11257766   15.99491464
 H      1.   -1.42358948    0.00000001   -4.10682590    1.00782504
 H      1.    3.26607582   -0.00000027   -4.08082857    1.00782504
 H      1.    5.59095767    0.00000029    0.00427064    1.00782504
 H      1.    3.25844313   -0.00000002    4.08829115    1.00782504
 H      1.   -1.46501385   -0.00000015    4.07002118    1.00782504
 H      1.   -4.95750983    0.00000019   -1.57859674    1.00782504
 N      6.   -1.71108727   -0.00000005   -0.00997853   12.00000000
 C      6.   -0.36560844    0.00000006   -2.36217879   12.00000000
 C      6.    2.22416000   -0.00000005   -2.32593914   12.00000000
 C      6.    3.54890166    0.00000001    0.00672224   12.00000000
 C      6.    2.22372334    0.00000002    2.33111254   12.00000000
 C      6.   -0.37034895   -0.00000002    2.34981327   12.00000000
 O      8.   -4.11556314   -0.00000001    0.11259996   15.99491464
 H      1.   -1.42363166    0.00000018   -4.10680624    1.00782504
 H      1.    3.26601329   -0.00000019   -4.08078198    1.00782504
 H      1.    5.59089224    0.00000008    0.00434668    1.00782504
 H      1.    3.25839854    0.00000001    4.08840861    1.00782504
 H      1.   -1.46491548    0.00000005    4.06975075    1.00782504
 H      1.   -4.95737633    0.00000008   -1.57784425    1.00782504
 N      6.   -1.71107658   -0.00000002   -0.00998622   12.00000000
 C      6.   -0.36552244    0.00000001   -2.36222613   12.00000000
 C      6.    2.22418609   -0.00000003   -2.32596939   12.00000000
 C      6.    3.54895636    0.00000003    0.00670313   12.00000000
 C      6.    2.22376067    0.00000002    2.33112571   12.00000000
 C      6.   -0.37026241   -0.00000006    2.34985372   12.00000000
 O      8.   -4.11531940    0.00000010    0.11258543   15.99491464
 H      1.   -1.42346518   -0.00000004   -4.10688776    1.00782504
 H      1.    3.26595063   -0.00000012   -4.08089079    1.00782504
 H      1.    5.59092102    0.00000011    0.00432444    1.00782504
 H      1.    3.25835575    0.00000012    4.08848544    1.00782504
 H      1.   -1.46470163   -0.00000006    4.06987981    1.00782504
 H      1.   -4.95722519    0.00000024   -1.57866269    1.00782504
 N      6.   -1.71123327   -0.00000002   -0.01007933   12.00000000
 C      6.   -0.36559391    0.00000006   -2.36227606   12.00000000
 C      6.    2.22417927   -0.00000005   -2.32588757   12.00000000
 C      6.    3.54893453    0.00000000    0.00672623   12.00000000
 C      6.    2.22372996    0.00000006    2.33110078   12.00000000
 C      6.   -0.37039873   -0.00000006    2.34969930   12.00000000
 O      8.   -4.11557475   -0.00000005    0.11280543   15.99491464
 H      1.   -1.42348822    0.00000018   -4.10692065    1.00782504
 H      1.    3.26614854   -0.00000023   -4.08069808    1.00782504
 H      1.    5.59092685   -0.00000006    0.00421257    1.00782504
 H      1.    3.25829703    0.00000024    4.08842785    1.00782504
 H      1.   -1.46504183   -0.00000009    4.06960637    1.00782504
 H      1.   -4.95772464    0.00000018   -1.57828933    1.00782504
 N      6.   -1.71114358   -0.00000002   -0.00998708   12.00000000
 C      6.   -0.36557080   -0.00000001   -2.36216677   12.00000000
 C      6.    2.22423008   -0.00000001   -2.32593353   12.00000000
 C      6.    3.54896278    0.00000002    0.00670212   12.00000000
 C      6.    2.22378345    0.00000000    2.33108627   12.00000000
 C      6.   -0.37031835   -0.00000002    2.34979606   12.00000000
 O      8.   -4.11542317    0.00000008    0.11258260   15.99491464
 H      1.   -1.42361229   -0.00000009   -4.10678832    1.00782504
 H      1.    3.26607415   -0.00000001   -4.08075325    1.00782504
 H      1.    5.59098724    0.00000011    0.00433106    1.00782504
 H      1.    3.25845329    0.00000001    4.08834779    1.00782504
 H      1.   -1.46486180    0.00000002    4.06977269    1.00782504
 H      1.   -4.95733303    0.00000014   -1.57864599    1.00782504
 N     6.0   -1.71122577   -0.00012836   -0.00999422   12.00000000
 C     6.0   -0.36562951   -0.00051028   -2.36218173   12.00000000
 C     6.0    2.22419110   -0.00011323   -2.32592702   12.00000000
 C     6.0    3.54894942    0.00066252    0.00670778   12.00000000
 C     6.0    2.22373488   -0.00011232    2.33108398   12.00000000
 C     6.0   -0.37039006   -0.00050885    2.34979888   12.00000000
 O     8.0   -4.11555529    0.00055400    0.11259681   15.99491464
 H     1.0   -1.42362980   -0.00110163   -4.10679259    1.00782504
 H     1.0    3.26602861   -0.00039138   -4.08078977    1.00782504
 H     1.0    5.59094387    0.00185736    0.00432198    1.00782504
 H     1.0    3.25836888   -0.00039046    4.08840625    1.00782504
 H     1.0   -1.46491091   -0.00109917    4.06975343    1.00782504
 H     1.0   -4.95750909    0.00079292   -1.57862355    1.00782504
 N     6.0   -1.71122577    0.00000123   -0.00999422   12.00000000
 C     6.0   -0.36562951    0.00032791   -2.36218173   12.00000000
 C     6.0    2.22419110   -0.00033333   -2.32592702   12.00000000
 C     6.0    3.54894942   -0.00000053    0.00670778   12.00000000
 C     6.0    2.22373488    0.00033456    2.33108398   12.00000000
 C     6.0   -0.37039006   -0.00032570    2.34979888   12.00000000
 O     8.0   -4.11555529   -0.00001650    0.11259681   15.99491464
 H     1.0   -1.42362980    0.00108703   -4.10679259    1.00782504
 H     1.0    3.26602861   -0.00111245   -4.08078977    1.00782504
 H     1.0    5.59094387   -0.00000355    0.00432198    1.00782504
 H     1.0    3.25836888    0.00111052    4.08840625    1.00782504
 H     1.0   -1.46491091   -0.00108708    4.06975343    1.00782504
 H     1.0   -4.95750909    0.00021784   -1.57862355    1.00782504
 N     6.0   -1.71122577    0.00010354   -0.00999422   12.00000000
 C     6.0   -0.36562951    0.00031860   -2.36218173   12.00000000
 C     6.0    2.22419110   -0.00019440   -2.32592702   12.00000000
 C     6.0    3.54894942    0.00001128    0.00670778   12.00000000
 C     6.0    2.22373488   -0.00019585    2.33108398   12.00000000
 C     6.0   -0.37039006    0.00031806    2.34979888   12.00000000
 O     8.0   -4.11555529   -0.00028093    0.11259681   15.99491464
 H     1.0   -1.42362980    0.00087953   -4.10679259    1.00782504
 H     1.0    3.26602861   -0.00075869   -4.08078977    1.00782504
 H     1.0    5.59094387    0.00032937    0.00432198    1.00782504
 H     1.0    3.25836888   -0.00075889    4.08840625    1.00782504
 H     1.0   -1.46491091    0.00088183    4.06975343    1.00782504
 H     1.0   -4.95750909   -0.00041565   -1.57862355    1.00782504
 N      6.   -1.71124738   -0.00000005   -0.01015210   12.00000000
 C      6.   -0.36566032    0.00000034   -2.36223829   12.00000000
 C      6.    2.22413469    0.00000005   -2.32579324   12.00000000
 C      6.    3.54890681   -0.00000050    0.00684796   12.00000000
 C      6.    2.22372751    0.00000059    2.33120325   12.00000000
 C      6.   -0.37037659   -0.00000023    2.34974364   12.00000000
 O      8.   -4.11564603   -0.00000034    0.11210002   15.99491464
 H      1.   -1.42358782    0.00000035   -4.10689644    1.00782504
 H      1.    3.26602509    0.00000073   -4.08061586    1.00782504
 H      1.    5.59089919   -0.00000314    0.00446422    1.00782504
 H      1.    3.25837723    0.00000274    4.08851573    1.00782504
 H      1.   -1.46500855   -0.00000170    4.06961818    1.00782504
 H      1.   -4.95742503   -0.00000063   -1.57918115    1.00782504
 N     6.0   -1.71122577    0.00091782   -0.00999422   12.00000000
 C     6.0   -0.36562951    0.00056185   -2.36218173   12.00000000
 C     6.0    2.22419110   -0.00013243   -2.32592702   12.00000000
 C     6.0    3.54894942   -0.00049222    0.00670778   12.00000000
 C     6.0    2.22373488   -0.00014166    2.33108398   12.00000000
 C     6.0   -0.37039006    0.00055367    2.34979888   12.00000000
 O     8.0   -4.11555529   -0.00084539    0.11259681   15.99491464
 H     1.0   -1.42362980    0.00084895   -4.10679259    1.00782504
 H     1.0    3.26602861   -0.00040818   -4.08078977    1.00782504
 H     1.0    5.59094387   -0.00103958    0.00432198    1.00782504
 H     1.0    3.25836888   -0.00042252    4.08840625    1.00782504
 H     1.0   -1.46491091    0.00084361    4.06975343    1.00782504
 H     1.0   -4.95750909   -0.00149152   -1.57862355    1.00782504
 N     6.0   -1.71121248    0.00000000   -0.01001328   12.00000000
 C     6.0   -0.36560151    0.00000000   -2.36219237   12.00000000
 C     6.0    2.22421888    0.00000000   -2.32592146   12.00000000
 C     6.0    3.54896260    0.00000000    0.00672163   12.00000000
 C     6.0    2.22373352    0.00000000    2.33108954   12.00000000
 C     6.0   -0.37039154    0.00000000    2.34978821   12.00000000
 O     8.0   -4.11554277    0.00000000    0.11256270   15.99491464
 H     1.0   -1.42482451    0.00000000   -4.10606173    1.00782504
 H     1.0    3.26606737    0.00000000   -4.08077769    1.00782504
 H     1.0    5.59095707    0.00000000    0.00434861    1.00782504
 H     1.0    3.25835652    0.00000000    4.08841828    1.00782504
 H     1.0   -1.46492315    0.00000000    4.06973591    1.00782504
 H     1.0   -4.95748599    0.00000000   -1.57866292    1.00782504
 N     6.0   -1.71122578    0.00003019   -0.00999423   12.00000000
 C     6.0   -0.36562952    0.00008361   -2.36218174   12.00000000
 C     6.0    2.22419109    0.00007088   -2.32592703   12.00000000
 C     6.0    3.54894941    0.00000576    0.00670777   12.00000000
 C     6.0    2.22373488   -0.00004705    2.33108397   12.00000000
 C     6.0   -0.37039006   -0.00003568    2.34979887   12.00000000
 O     8.0   -4.11555530    0.00003806    0.11259680   15.99491464
 H     1.0   -1.42362932   -0.00190773   -4.10679176    1.00782504
 H     1.0    3.26602860    0.00011056   -4.08078978    1.00782504
 H     1.0    5.59094386   -0.00000349    0.00432197    1.00782504
 H     1.0    3.25836888   -0.00009627    4.08840624    1.00782504
 H     1.0   -1.46491091   -0.00007424    4.06975342    1.00782504
 H     1.0   -4.95750910    0.00008472   -1.57862355    1.00782504
 N     6.0   -1.71121239    0.00000000   -0.00999962   12.00000000
 C     6.0   -0.36559841    0.00000000   -2.36217700   12.00000000
 C     6.0    2.22422192    0.00000000   -2.32590278   12.00000000
 C     6.0    3.54896267    0.00000000    0.00674200   12.00000000
 C     6.0    2.22373062    0.00000000    2.33110822   12.00000000
 C     6.0   -0.37039446    0.00000000    2.34980358   12.00000000
 O     8.0   -4.11554284    0.00000000    0.11257330   15.99491464
 H     1.0   -1.42358556    0.00000000   -4.10679583    1.00782504
 H     1.0    3.26483178    0.00000000   -4.08149437    1.00782504
 H     1.0    5.59095714    0.00000000    0.00437158    1.00782504
 H     1.0    3.25835139    0.00000000    4.08843828    1.00782504
 H     1.0   -1.46492826    0.00000000    4.06974988    1.00782504
 H     1.0   -4.95748390    0.00000000   -1.57865341    1.00782504
 N     6.0   -1.71122576    0.00000443   -0.00999423   12.00000000
 C     6.0   -0.36562951    0.00007723   -2.36218174   12.00000000
 C     6.0    2.22419110    0.00010229   -2.32592703   12.00000000
 C     6.0    3.54894943    0.00005678    0.00670777   12.00000000
 C     6.0    2.22373489   -0.00001511    2.33108397   12.00000000
 C     6.0   -0.37039005   -0.00004159    2.34979887   12.00000000
 O     8.0   -4.11555528   -0.00002279    0.11259680   15.99491464
 H     1.0   -1.42362980    0.00011060   -4.10679260    1.00782504
 H     1.0    3.26602811   -0.00188384   -4.08078895    1.00782504
 H     1.0    5.59094388    0.00007732    0.00432197    1.00782504
 H     1.0    3.25836889   -0.00004905    4.08840624    1.00782504
 H     1.0   -1.46491090   -0.00009590    4.06975342    1.00782504
 H     1.0   -4.95750909    0.00001137   -1.57862356    1.00782504
 N     6.0   -1.71122567    0.00000000   -0.00999305   12.00000000
 C     6.0   -0.36561034    0.00000000   -2.36216966   12.00000000
 C     6.0    2.22420997    0.00000000   -2.32589396   12.00000000
 C     6.0    3.54894939    0.00000000    0.00675158   12.00000000
 C     6.0    2.22371601    0.00000000    2.33111704   12.00000000
 C     6.0   -0.37040908    0.00000000    2.34981092   12.00000000
 O     8.0   -4.11555618    0.00000000    0.11257849   15.99491464
 H     1.0   -1.42359649    0.00000000   -4.10678909    1.00782504
 H     1.0    3.26606171    0.00000000   -4.08074826    1.00782504
 H     1.0    5.59094217    0.00000000    0.00293842    1.00782504
 H     1.0    3.25833577    0.00000000    4.08844769    1.00782504
 H     1.0   -1.46494387    0.00000000    4.06975659    1.00782504
 H     1.0   -4.95749627    0.00000000   -1.57864869    1.00782504
 N     6.0   -1.71122576   -0.00000855   -0.00999422   12.00000000
 C     6.0   -0.36562950    0.00001471   -2.36218173   12.00000000
 C     6.0    2.22419111    0.00005936   -2.32592702   12.00000000
 C     6.0    3.54894943    0.00008215    0.00670778   12.00000000
 C     6.0    2.22373489    0.00005925    2.33108398   12.00000000
 C     6.0   -0.37039005    0.00001451    2.34979888   12.00000000
 O     8.0   -4.11555528   -0.00005002    0.11259681   15.99491464
 H     1.0   -1.42362979   -0.00000348   -4.10679259    1.00782504
 H     1.0    3.26602862    0.00007737   -4.08078977    1.00782504
 H     1.0    5.59094289   -0.00192464    0.00432198    1.00782504
 H     1.0    3.25836889    0.00007705    4.08840625    1.00782504
 H     1.0   -1.46491090   -0.00000440    4.06975343    1.00782504
 H     1.0   -4.95750908   -0.00006450   -1.57862355    1.00782504
 N     6.0   -1.71123901    0.00000000   -0.00999966   12.00000000
 C     6.0   -0.36562504    0.00000000   -2.36217705   12.00000000
 C     6.0    2.22419529    0.00000000   -2.32590285   12.00000000
 C     6.0    3.54893606    0.00000000    0.00674192   12.00000000
 C     6.0    2.22370402    0.00000000    2.33110815   12.00000000
 C     6.0   -0.37042106    0.00000000    2.34980353   12.00000000
 O     8.0   -4.11556945    0.00000000    0.11257327   15.99491464
 H     1.0   -1.42361221    0.00000000   -4.10679587    1.00782504
 H     1.0    3.26604601    0.00000000   -4.08075776    1.00782504
 H     1.0    5.59093053    0.00000000    0.00437149    1.00782504
 H     1.0    3.25956741    0.00000000    4.08770661    1.00782504
 H     1.0   -1.46495485    0.00000000    4.06974984    1.00782504
 H     1.0   -4.95751052    0.00000000   -1.57865342    1.00782504
 N     6.0   -1.71122576    0.00000406   -0.00999421   12.00000000
 C     6.0   -0.36562950   -0.00004179   -2.36218172   12.00000000
 C     6.0    2.22419111   -0.00001516   -2.32592701   12.00000000
 C     6.0    3.54894943    0.00005672    0.00670779   12.00000000
 C     6.0    2.22373488    0.00010207    2.33108399   12.00000000
 C     6.0   -0.37039006    0.00007679    2.34979889   12.00000000
 O     8.0   -4.11555528   -0.00001675    0.11259682   15.99491464
 H     1.0   -1.42362979   -0.00009620   -4.10679258    1.00782504
 H     1.0    3.26602862   -0.00004899   -4.08078976    1.00782504
 H     1.0    5.59094388    0.00007693    0.00432199    1.00782504
 H     1.0    3.25836839   -0.00188271    4.08840543    1.00782504
 H     1.0   -1.46491091    0.00010923    4.06975344    1.00782504
 H     1.0   -4.95750908   -0.00006765   -1.57862354    1.00782504
 N     6.0   -1.71121280    0.00000000   -0.00997497   12.00000000
 C     6.0   -0.36563115    0.00000000   -2.36217083   12.00000000
 C     6.0    2.22418969    0.00000000   -2.32593220   12.00000000
 C     6.0    3.54896249    0.00000000    0.00669438   12.00000000
 C     6.0    2.22376238    0.00000000    2.33107880   12.00000000
 C     6.0   -0.37036244    0.00000000    2.34980981   12.00000000
 O     8.0   -4.11554156    0.00000000    0.11263099   15.99491464
 H     1.0   -1.42364227    0.00000000   -4.10677512    1.00782504
 H     1.0    3.26601630    0.00000000   -4.08080142    1.00782504
 H     1.0    5.59095693    0.00000000    0.00429590    1.00782504
 H     1.0    3.25840729    0.00000000    4.08839465    1.00782504
 H     1.0   -1.46608881    0.00000000    4.06899721    1.00782504
 H     1.0   -4.95750586    0.00000000   -1.57858414    1.00782504
 N     6.0   -1.71122578   -0.00002998   -0.00999421   12.00000000
 C     6.0   -0.36562951    0.00003545   -2.36218172   12.00000000
 C     6.0    2.22419110    0.00004685   -2.32592701   12.00000000
 C     6.0    3.54894941   -0.00000537    0.00670779   12.00000000
 C     6.0    2.22373487   -0.00007001    2.33108399   12.00000000
 C     6.0   -0.37039007   -0.00008280    2.34979889   12.00000000
 O     8.0   -4.11555530   -0.00004450    0.11259682   15.99491464
 H     1.0   -1.42362980    0.00007420   -4.10679258    1.00782504
 H     1.0    3.26602861    0.00009583   -4.08078976    1.00782504
 H     1.0    5.59094386    0.00000441    0.00432199    1.00782504
 H     1.0    3.25836887   -0.00010920    4.08840626    1.00782504
 H     1.0   -1.46491043    0.00190754    4.06975260    1.00782504
 H     1.0   -4.95750909   -0.00000607   -1.57862354    1.00782504
 N     6.0   -1.71124397    0.00000000   -0.00997287   12.00000000
 C     6.0   -0.36566414    0.00000000   -2.36216978   12.00000000
 C     6.0    2.22415673    0.00000000   -2.32593316   12.00000000
 C     6.0    3.54893134    0.00000000    0.00669239   12.00000000
 C     6.0    2.22373303    0.00000000    2.33107785   12.00000000
 C     6.0   -0.37039178    0.00000000    2.34981087   12.00000000
 O     8.0   -4.11557263    0.00000000    0.11263496   15.99491464
 H     1.0   -1.42367661    0.00000000   -4.10677325    1.00782504
 H     1.0    3.26598198    0.00000000   -4.08080318    1.00782504
 H     1.0    5.59092577    0.00000000    0.00429233    1.00782504
 H     1.0    3.25837931    0.00000000    4.08839289    1.00782504
 H     1.0   -1.46490061    0.00000000    4.06977306    1.00782504
 H     1.0   -4.95584702    0.00000000   -1.57942148    1.00782504
 N     6.0   -1.71122577   -0.00004199   -0.00999422   12.00000000
 C     6.0   -0.36562951   -0.00004356   -2.36218173   12.00000000
 C     6.0    2.22419110   -0.00000901   -2.32592702   12.00000000
 C     6.0    3.54894942    0.00002771    0.00670778   12.00000000
 C     6.0    2.22373488    0.00002932    2.33108398   12.00000000
 C     6.0   -0.37039006   -0.00000483    2.34979888   12.00000000
 O     8.0   -4.11555529   -0.00007278    0.11259681   15.99491464
 H     1.0   -1.42362980   -0.00007192   -4.10679259    1.00782504
 H     1.0    3.26602861   -0.00000968   -4.08078977    1.00782504
 H     1.0    5.59094387    0.00005470    0.00432198    1.00782504
 H     1.0    3.25836888    0.00005747    4.08840625    1.00782504
 H     1.0   -1.46491091   -0.00000515    4.06975343    1.00782504
 H     1.0   -4.95750909    0.00163406   -1.57862355    1.00782504
