 N     6.0   -1.71493765   -0.00000000    0.00269858   12.00000000
 C     6.0   -0.36954705   -0.00000000   -2.34306398   12.00000000
 C     6.0    2.22527922    0.00000000   -2.31635429   12.00000000
 C     6.0    3.55758209    0.00000000    0.00573475   12.00000000
 C     6.0    2.23601260    0.00000000    2.32789653   12.00000000
 C     6.0   -0.36399868   -0.00000000    2.35442122   12.00000000
 O     8.0   -4.12933553   -0.00000000    0.11251678   15.99491464
 H     1.0   -1.43021269   -0.00000000   -4.08562910    1.00782504
 H     1.0    3.25720918    0.00000000   -4.07737173    1.00782504
 H     1.0    5.59999691    0.00000000   -0.00227675    1.00782504
 H     1.0    3.27541113    0.00000000    4.08388232    1.00782504
 H     1.0   -1.44045867   -0.00000000    4.08667443    1.00782504
 H     1.0   -5.06870925    0.00000001   -1.77887690    1.00782504
 N     6.0   -1.71920243    0.00000000    0.01518932   12.00000000
 C     6.0   -0.37396540    0.00000000   -2.32411443   12.00000000
 C     6.0    2.22583095    0.00000000   -2.30693449   12.00000000
 C     6.0    3.56557187   -0.00000000    0.00461049   12.00000000
 C     6.0    2.24760364   -0.00000000    2.32453109   12.00000000
 C     6.0   -0.35827126    0.00000000    2.35883638   12.00000000
 O     8.0   -4.14360329    0.00000000    0.11206076   15.99491464
 H     1.0   -1.43725110    0.00000000   -4.06465508    1.00782504
 H     1.0    3.24784971   -0.00000000   -4.07403179    1.00782504
 H     1.0    5.60839177   -0.00000000   -0.00899420    1.00782504
 H     1.0    3.29172944   -0.00000000    4.07918952    1.00782504
 H     1.0   -1.41657818    0.00000000    4.10317085    1.00782504
 H     1.0   -5.17996063    0.00000001   -1.97972075    1.00782504
 N     6.0   -1.72386595    0.00000000    0.02757606   12.00000000
 C     6.0   -0.37877193    0.00000000   -2.30525873   12.00000000
 C     6.0    2.22595940    0.00000000   -2.29763858   12.00000000
 C     6.0    3.57307303   -0.00000000    0.00334099   12.00000000
 C     6.0    2.25870332   -0.00000000    2.32101712   12.00000000
 C     6.0   -0.35301218    0.00000000    2.36311940   12.00000000
 O     8.0   -4.15820099    0.00000000    0.11136910   15.99491464
 H     1.0   -1.44466306    0.00000000   -4.04377764    1.00782504
 H     1.0    3.23803277    0.00000000   -4.07075904    1.00782504
 H     1.0    5.61628271   -0.00000000   -0.01586042    1.00782504
 H     1.0    3.30755013   -0.00000000    4.07433913    1.00782504
 H     1.0   -1.39304582    0.00000000    4.11933595    1.00782504
 H     1.0   -5.29112897    0.00000001   -2.18100235    1.00782504
 N     6.0   -1.72882294    0.00000000    0.03992516   12.00000000
 C     6.0   -0.38388859    0.00000000   -2.28644614   12.00000000
 C     6.0    2.22574250    0.00000000   -2.28844600   12.00000000
 C     6.0    3.58019030   -0.00000000    0.00193130   12.00000000
 C     6.0    2.26944348   -0.00000000    2.31737496   12.00000000
 C     6.0   -0.34808900    0.00000000    2.36732115   12.00000000
 O     8.0   -4.17302125    0.00000000    0.11053667   15.99491464
 H     1.0   -1.45239074    0.00000000   -4.02293366    1.00782504
 H     1.0    3.22781584    0.00000000   -4.06754446    1.00782504
 H     1.0    5.62377411   -0.00000000   -0.02289426    1.00782504
 H     1.0    3.32302556   -0.00000000    4.06933916    1.00782504
 H     1.0   -1.36971080   -0.00000000    4.13523147    1.00782504
 H     1.0   -5.40212955    0.00000001   -2.38261485    1.00782504
 N     6.0   -1.73399904    0.00000000    0.05228300   12.00000000
 C     6.0   -0.38925934    0.00000000   -2.26764099   12.00000000
 C     6.0    2.22523571    0.00000000   -2.27934180   12.00000000
 C     6.0    3.58699697   -0.00000000    0.00038557   12.00000000
 C     6.0    2.27991590   -0.00000000    2.31361919   12.00000000
 C     6.0   -0.34340923   -0.00000000    2.37147721   12.00000000
 O     8.0   -4.18798845    0.00000000    0.10962965   15.99491464
 H     1.0   -1.46039180    0.00000000   -4.00207899    1.00782504
 H     1.0    3.21724025    0.00000000   -4.06438047    1.00782504
 H     1.0    5.63093881   -0.00000000   -0.03010793    1.00782504
 H     1.0    3.33826147   -0.00000000    4.06419558    1.00782504
 H     1.0   -1.34646838   -0.00000000    4.15089934    1.00782504
 H     1.0   -5.51290865    0.00000001   -2.58448062    1.00782504
 N     6.0   -1.73934025   -0.00000000    0.06468279   12.00000000
 C     6.0   -0.39484273    0.00000000   -2.24881744   12.00000000
 C     6.0    2.22447966    0.00000000   -2.27031474   12.00000000
 C     6.0    3.59354574    0.00000000   -0.00129269   12.00000000
 C     6.0    2.29018611   -0.00000000    2.30976036   12.00000000
 C     6.0   -0.33890651   -0.00000000    2.37561305   12.00000000
 O     8.0   -4.20304785   -0.00000000    0.10869552   15.99491464
 H     1.0   -1.46863426    0.00000000   -3.98118178    1.00782504
 H     1.0    3.20633667    0.00000000   -4.06126051    1.00782504
 H     1.0    5.63782892    0.00000000   -0.03750938    1.00782504
 H     1.0    3.35333312   -0.00000000    4.05891270    1.00782504
 H     1.0   -1.32324387   -0.00000000    4.16636842    1.00782504
 H     1.0   -5.62343295    0.00000001   -2.78654100    1.00782504
