 C     6.0   -1.74652425    0.00000000    0.07042240   12.00000000
 C     6.0   -0.39925857    0.00000000   -2.23489349   12.00000000
 C     6.0    2.22489298    0.00000000   -2.26280385   12.00000000
 C     6.0    3.59825936    0.00000000   -0.00272005   12.00000000
 C     6.0    2.29561690    0.00000000    2.30445676   12.00000000
 C     6.0   -0.33931315    0.00000000    2.37489408   12.00000000
 O     8.0   -4.21991527    0.00000000    0.09775378   15.99491464
 H     1.0   -1.47344284    0.00000000   -3.96658552    1.00782504
 H     1.0    3.19890493    0.00000000   -4.05833294    1.00782504
 H     1.0    5.64292066    0.00000000   -0.04200458    1.00782504
 H     1.0    3.36128528    0.00000000    4.05356284    1.00782504
 H     1.0   -1.30715914    0.00000000    4.17552016    1.00782504
 H     1.0   -5.73132025    0.00000000   -3.00077829    1.00782504
 C     6.0   -1.74311740    0.00000000    0.06580677   12.00000000
 C     6.0   -0.40461278    0.00000000   -2.22274129   12.00000000
 C     6.0    2.21941341    0.00000000   -2.26064780   12.00000000
 C     6.0    3.59686729    0.00000000   -0.00305288   12.00000000
 C     6.0    2.29840192    0.00000000    2.30647735   12.00000000
 C     6.0   -0.33668560    0.00000000    2.37075415   12.00000000
 O     8.0   -4.21651752    0.00000000    0.09230181   15.99491464
 H     1.0   -1.48180099    0.00000001   -3.95256634    1.00782504
 H     1.0    3.18837705   -0.00000001   -4.05890625    1.00782504
 H     1.0    5.64145415    0.00000000   -0.04603727    1.00782504
 H     1.0    3.36360816    0.00000001    4.05586492    1.00782504
 H     1.0   -1.30694004   -0.00000001    4.17008360    1.00782504
 H     1.0   -5.72687469    0.00000002   -3.00674114    1.00782504
 C     6.0   -1.74262501    0.00000000    0.07078343   12.00000000
 C     6.0   -0.39182768    0.00000000   -2.23246487   12.00000000
 C     6.0    2.21341311    0.00000000   -2.26151157   12.00000000
 C     6.0    3.59261772    0.00000000   -0.00498577   12.00000000
 C     6.0    2.29594417    0.00000000    2.30555094   12.00000000
 C     6.0   -0.33894751    0.00000000    2.37740916   12.00000000
 O     8.0   -4.21605502    0.00000000    0.09432393   15.99491464
 H     1.0   -1.46512922    0.00000000   -3.96470415    1.00782504
 H     1.0    3.18464214    0.00000000   -4.05854751    1.00782504
 H     1.0    5.63717063    0.00000000   -0.04955607    1.00782504
 H     1.0    3.36434377    0.00000000    4.05299006    1.00782504
 H     1.0   -1.30768775    0.00000000    4.17755429    1.00782504
 H     1.0   -5.72270926    0.00000000   -3.00652095    1.00782504
 C     6.0   -1.74594493    0.00000000    0.07158305   12.00000000
 C     6.0   -0.39667976    0.00000000   -2.23256315   12.00000000
 C     6.0    2.22754219    0.00000000   -2.25279979   12.00000000
 C     6.0    3.59380583    0.00000000   -0.01051483   12.00000000
 C     6.0    2.29395240    0.00000000    2.29823446   12.00000000
 C     6.0   -0.34073362    0.00000000    2.37727470   12.00000000
 O     8.0   -4.21935873    0.00000000    0.09676860   15.99491464
 H     1.0   -1.46757900    0.00000000   -3.96628860    1.00782504
 H     1.0    3.20309415    0.00000000   -4.04749263    1.00782504
 H     1.0    5.63841817    0.00000000   -0.05227017    1.00782504
 H     1.0    3.36353045    0.00000000    4.04495251    1.00782504
 H     1.0   -1.30642038    0.00000000    4.17905971    1.00782504
 H     1.0   -5.72807498    0.00000002   -3.00307353    1.00782504
 C     6.0   -1.74594861    0.00000000    0.06925778   12.00000000
 C     6.0   -0.40069837    0.00000000   -2.23723478   12.00000000
 C     6.0    2.22353050    0.00000000   -2.25655189   12.00000000
 C     6.0    3.59413628    0.00000000    0.00520712   12.00000000
 C     6.0    2.29798868    0.00000000    2.29434746   12.00000000
 C     6.0   -0.33672386    0.00000000    2.37249863   12.00000000
 O     8.0   -4.21931480    0.00000000    0.09875098   15.99491464
 H     1.0   -1.47280333   -0.00000001   -3.97021491    1.00782504
 H     1.0    3.20157601    0.00000000   -4.04988704    1.00782504
 H     1.0    5.63884402    0.00000000   -0.03158083    1.00782504
 H     1.0    3.36514923    0.00000000    4.04254354    1.00782504
 H     1.0   -1.30114539    0.00000000    4.17496118    1.00782504
 H     1.0   -5.73342743    0.00000002   -2.99845888    1.00782504
 C     6.0   -1.74303280    0.00000000    0.07499488   12.00000000
 C     6.0   -0.39653818    0.00000000   -2.23077145   12.00000000
 C     6.0    2.22753941    0.00000000   -2.26493551   12.00000000
 C     6.0    3.59695007    0.00000000   -0.00245271   12.00000000
 C     6.0    2.29027360    0.00000000    2.30244183   12.00000000
 C     6.0   -0.34490497    0.00000000    2.36287106   12.00000000
 O     8.0   -4.21641454    0.00000000    0.10315345   15.99491464
 H     1.0   -1.47307448   -0.00000001   -3.96100228    1.00782504
 H     1.0    3.20098227    0.00000000   -4.06077320    1.00782504
 H     1.0    5.64167696    0.00000000   -0.03816040    1.00782504
 H     1.0    3.35108642    0.00000000    4.05449701    1.00782504
 H     1.0   -1.31586784    0.00000000    4.16181832    1.00782504
 H     1.0   -5.72885570    0.00000002   -2.99487298    1.00782504
 C     6.0   -1.74258064    0.00000000    0.06997215   12.00000000
 C     6.0   -0.39892388    0.00000000   -2.23744907   12.00000000
 C     6.0    2.22524233    0.00000000   -2.26394456   12.00000000
 C     6.0    3.59283403    0.00000000   -0.00036179   12.00000000
 C     6.0    2.28430538    0.00000000    2.30348173   12.00000000
 C     6.0   -0.33176530    0.00000000    2.37223905   12.00000000
 O     8.0   -4.21592586    0.00000000    0.10117377   15.99491464
 H     1.0   -1.47399602   -0.00000001   -3.96859004    1.00782504
 H     1.0    3.20202925    0.00000000   -4.05796555    1.00782504
 H     1.0    5.63758897    0.00000000   -0.03442598    1.00782504
 H     1.0    3.34734693    0.00000000    4.05418554    1.00782504
 H     1.0   -1.29860674    0.00000000    4.17340472    1.00782504
 H     1.0   -5.73217747    0.00000002   -2.99498951    1.00782504
 C     6.0   -1.74993815    0.00000000    0.07054583   12.00000000
 C     6.0   -0.40278278    0.00000000   -2.23483452   12.00000000
 C     6.0    2.22136743    0.00000000   -2.26287044   12.00000000
 C     6.0    3.59484195    0.00000000   -0.00285236   12.00000000
 C     6.0    2.29230989    0.00000000    2.30438678   12.00000000
 C     6.0   -0.34261678    0.00000000    2.37495018   12.00000000
 O     8.0   -4.20443176    0.00000000    0.09778585   15.99491464
 H     1.0   -1.47704991   -0.00000001   -3.96647515    1.00782504
 H     1.0    3.19529347    0.00000000   -4.05844614    1.00782504
 H     1.0    5.63950137    0.00000000   -0.04223473    1.00782504
 H     1.0    3.35806197    0.00000000    4.05344186    1.00782504
 H     1.0   -1.31037661    0.00000001    4.17562256    1.00782504
 H     1.0   -5.71598500    0.00000004   -3.00067389    1.00782504
 C     6.0   -1.74663021    0.00000000    0.07027740   12.00000000
 C     6.0   -0.39939948    0.00000000   -2.23505892   12.00000000
 C     6.0    2.22475164    0.00000000   -2.26300907   12.00000000
 C     6.0    3.59815229    0.00000000   -0.00294609   12.00000000
 C     6.0    2.29554482    0.00000000    2.30425047   12.00000000
 C     6.0   -0.33938417    0.00000000    2.37472775   12.00000000
 O     8.0   -4.22002081    0.00000000    0.09764629   15.99491464
 H     1.0   -1.46364871    0.00000000   -3.95067605    1.00782504
 H     1.0    3.19873637    0.00000000   -4.05855293    1.00782504
 H     1.0    5.64281300    0.00000000   -0.04226162    1.00782504
 H     1.0    3.36123972    0.00000000    4.05334039    1.00782504
 H     1.0   -1.30720285    0.00000000    4.17536850    1.00782504
 H     1.0   -5.73147278    0.00000000   -3.00086286    1.00782504
 C     6.0   -1.74642687    0.00000000    0.07027211   12.00000000
 C     6.0   -0.39919695    0.00000000   -2.23506468   12.00000000
 C     6.0    2.22495417    0.00000000   -2.26301574   12.00000000
 C     6.0    3.59835560    0.00000000   -0.00295324   12.00000000
 C     6.0    2.29574893    0.00000000    2.30424377   12.00000000
 C     6.0   -0.33918003    0.00000000    2.37472196   12.00000000
 O     8.0   -4.21981747    0.00000000    0.09764185   15.99491464
 H     1.0   -1.47340808    0.00000000   -3.96674005    1.00782504
 H     1.0    3.18992757    0.00000000   -4.04194928    1.00782504
 H     1.0    5.64301629    0.00000000   -0.04226949    1.00782504
 H     1.0    3.36144444    0.00000000    4.05333332    1.00782504
 H     1.0   -1.30699809    0.00000000    4.17536305    1.00782504
 H     1.0   -5.73127051    0.00000000   -3.00086678    1.00782504
 C     6.0   -1.74632172    0.00000000    0.07042009   12.00000000
 C     6.0   -0.39905809    0.00000000   -2.23489699   12.00000000
 C     6.0    2.22509344    0.00000000   -2.26280968   12.00000000
 C     6.0    3.59846182    0.00000000   -0.00272710   12.00000000
 C     6.0    2.29582141    0.00000000    2.30445087   12.00000000
 C     6.0   -0.33910858    0.00000000    2.37489053   12.00000000
 O     8.0   -4.21971272    0.00000000    0.09775367   15.99491464
 H     1.0   -1.47324389    0.00000000   -3.96658807    1.00782504
 H     1.0    3.19910379    0.00000000   -4.05833963    1.00782504
 H     1.0    5.62422931    0.00000000   -0.04165043    1.00782504
 H     1.0    3.36149134    0.00000000    4.05355600    1.00782504
 H     1.0   -1.30695297    0.00000000    4.17551747    1.00782504
 H     1.0   -5.73112045    0.00000000   -3.00077706    1.00782504
 C     6.0   -1.74641960    0.00000000    0.07057083   12.00000000
 C     6.0   -0.39912230    0.00000000   -2.23472658   12.00000000
 C     6.0    2.22502963    0.00000000   -2.26260095   12.00000000
 C     6.0    3.59836501    0.00000000   -0.00249831   12.00000000
 C     6.0    2.29569091    0.00000000    2.30466063   12.00000000
 C     6.0   -0.33924011    0.00000000    2.37506181   12.00000000
 O     8.0   -4.21981099    0.00000000    0.09786829   15.99491464
 H     1.0   -1.47328282    0.00000000   -3.96643334    1.00782504
 H     1.0    3.19906621    0.00000000   -4.05811668    1.00782504
 H     1.0    5.64302685    0.00000000   -0.04175479    1.00782504
 H     1.0    3.35150303    0.00000000    4.03764339    1.00782504
 H     1.0   -1.30711079    0.00000000    4.17567462    1.00782504
 H     1.0   -5.73117347    0.00000000   -3.00068451    1.00782504
 C     6.0   -1.74662089    0.00000000    0.07057477   12.00000000
 C     6.0   -0.39932166    0.00000000   -2.23472151   12.00000000
 C     6.0    2.22483030    0.00000000   -2.26259367   12.00000000
 C     6.0    3.59816378    0.00000000   -0.00248988   12.00000000
 C     6.0    2.29548774    0.00000000    2.30466797   12.00000000
 C     6.0   -0.33944334    0.00000000    2.37506693   12.00000000
 O     8.0   -4.22001231    0.00000000    0.09787014   15.99491464
 H     1.0   -1.47348072    0.00000000   -3.96642918    1.00782504
 H     1.0    3.19886838    0.00000000   -4.05810859    1.00782504
 H     1.0    5.64282565    0.00000000   -0.04174465    1.00782504
 H     1.0    3.36113066    0.00000000    4.05378956    1.00782504
 H     1.0   -1.29836869    0.00000000    4.15903379    1.00782504
 H     1.0   -5.73137219    0.00000000   -3.00068393    1.00782504
 C     6.0   -1.74661681    0.00000000    0.07011168   12.00000000
 C     6.0   -0.39918512    0.00000000   -2.23510719   12.00000000
 C     6.0    2.22496844    0.00000000   -2.26282858   12.00000000
 C     6.0    3.59817207    0.00000000   -0.00264589   12.00000000
 C     6.0    2.29536347    0.00000000    2.30443712   12.00000000
 C     6.0   -0.33957165    0.00000000    2.37468470   12.00000000
 O     8.0   -4.22000980    0.00000000    0.09726496   15.99491464
 H     1.0   -1.47324469    0.00000000   -3.96687657    1.00782504
 H     1.0    3.19910968    0.00000000   -4.05828754    1.00782504
 H     1.0    5.64283620    0.00000000   -0.04178318    1.00782504
 H     1.0    3.36090590    0.00000000    4.05361994    1.00782504
 H     1.0   -1.30754731    0.00000000    4.17524108    1.00782504
 H     1.0   -5.72290697    0.00000000   -2.98439153    1.00782504
 C     6.0   -1.75449891    0.00000000    0.07046932   12.00000000
 C     6.0   -0.39560437    0.00000000   -2.22801100   12.00000000
 C     6.0    2.22846558    0.00000000   -2.26275674   12.00000000
 C     6.0    3.60183985    0.00000000   -0.00267774   12.00000000
 C     6.0    2.29920545    0.00000000    2.30450362   12.00000000
 C     6.0   -0.33590221    0.00000000    2.36794973   12.00000000
 O     8.0   -4.22789135    0.00000000    0.09767246   15.99491464
 H     1.0   -1.46766910    0.00000000   -3.96101600    1.00782504
 H     1.0    3.20013503    0.00000000   -4.05955457    1.00782504
 H     1.0    5.64650101    0.00000000   -0.04196941    1.00782504
 H     1.0    3.36255559    0.00000000    4.05502002    1.00782504
 H     1.0   -1.30168138    0.00000000    4.16968520    1.00782504
 H     1.0   -5.73913567    0.00000000   -3.00093797    1.00782504
 C     6.0   -1.74807739    0.00000000    0.07044201   12.00000000
 C     6.0   -0.40080112    0.00000000   -2.23486770   12.00000000
 C     6.0    2.22341331    0.00000000   -2.25605690   12.00000000
 C     6.0    3.60804519    0.00000000   -0.00285727   12.00000000
 C     6.0    2.29386509    0.00000000    2.29776719   12.00000000
 C     6.0   -0.34087687    0.00000000    2.37492015   12.00000000
 O     8.0   -4.22146853    0.00000000    0.09776203   15.99491464
 H     1.0   -1.47276290    0.00000001   -3.96793639    1.00782504
 H     1.0    3.19524216   -0.00000001   -4.05276853    1.00782504
 H     1.0    5.65270679    0.00000000   -0.04212573    1.00782504
 H     1.0    3.35738208    0.00000001    4.04818222    1.00782504
 H     1.0   -1.30643150   -0.00000001    4.17677596    1.00782504
 H     1.0   -5.73285928    0.00000003   -3.00077698    1.00782504
 C     6.0   -1.74654092    0.00000000    0.06762609   12.00000000
 C     6.0   -0.40266171    0.00000000   -2.23966558   12.00000000
 C     6.0    2.22157181    0.00000000   -2.25834009   12.00000000
 C     6.0    3.59835950    0.00000000   -0.00033884   12.00000000
 C     6.0    2.29921274    0.00000000    2.30880817   12.00000000
 C     6.0   -0.33594756    0.00000000    2.37002900   12.00000000
 O     8.0   -4.21988914    0.00000000    0.09858926   15.99491464
 H     1.0   -1.47506945    0.00000000   -3.97245835    1.00782504
 H     1.0    3.19738329    0.00000000   -4.05289183    1.00782504
 H     1.0    5.64295896    0.00000000   -0.04271995    1.00782504
 H     1.0    3.36314622    0.00000000    4.05897008    1.00782504
 H     1.0   -1.30562005    0.00000000    4.16967213    1.00782504
 H     1.0   -5.73584224    0.00000000   -2.99772019    1.00782504
 C     6.0   -1.74640260    0.00000000    0.06465828   12.00000000
 C     6.0   -0.39593024    0.00000000   -2.23878058   12.00000000
 C     6.0    2.22825761    0.00000000   -2.26303924   12.00000000
 C     6.0    3.59847762    0.00000000   -0.00104651   12.00000000
 C     6.0    2.29262584    0.00000000    2.30431536   12.00000000
 C     6.0   -0.34239968    0.00000000    2.37108595   12.00000000
 O     8.0   -4.21959850    0.00000000    0.10603678   15.99491464
 H     1.0   -1.46770371   -0.00000001   -3.97196572    1.00782504
 H     1.0    3.20476721    0.00000001   -4.05721120    1.00782504
 H     1.0    5.64319161    0.00000000   -0.03748573    1.00782504
 H     1.0    3.35585920   -0.00000001    4.05490269    1.00782504
 H     1.0   -1.31275041    0.00000001    4.17036347    1.00782504
 H     1.0   -5.74857714    0.00000000   -2.98386133    1.00782504
 C     6.0   -1.74639642    0.00000000    0.07023436   12.00000000
 C     6.0   -0.39899377    0.00000000   -2.23500148   12.00000000
 C     6.0    2.22515943    0.00000000   -2.26275593   12.00000000
 C     6.0    3.59839153    0.00000000   -0.00259054   12.00000000
 C     6.0    2.29561199    0.00000000    2.30450887   12.00000000
 C     6.0   -0.33932224    0.00000000    2.37478964   12.00000000
 O     8.0   -4.21978906    0.00000000    0.09741878   15.99491464
 H     1.0   -1.48529356    0.00000000   -3.95911920    1.00782504
 H     1.0    3.19927806    0.00000000   -4.05822715    1.00782504
 H     1.0    5.64305516    0.00000000   -0.04175358    1.00782504
 H     1.0    3.36117645    0.00000000    4.05367827    1.00782504
 H     1.0   -1.30727521    0.00000000    4.17535821    1.00782504
 H     1.0   -5.73100994    0.00000000   -3.00120308    1.00782504
 C     6.0   -1.74639172    0.00000000    0.07036626   12.00000000
 C     6.0   -0.39895904    0.00000000   -2.23485202   12.00000000
 C     6.0    2.22519452    0.00000000   -2.26257227   12.00000000
 C     6.0    3.59839717    0.00000000   -0.00238899   12.00000000
 C     6.0    2.29558757    0.00000000    2.30469345   12.00000000
 C     6.0   -0.33934757    0.00000000    2.37493988   12.00000000
 O     8.0   -4.21978472    0.00000000    0.09751846   15.99491464
 H     1.0   -1.47301786   -0.00000001   -3.96662186    1.00782504
 H     1.0    3.18661649    0.00000000   -4.06487408    1.00782504
 H     1.0    5.64306131    0.00000000   -0.04152539    1.00782504
 H     1.0    3.36112924    0.00000000    4.05387672    1.00782504
 H     1.0   -1.30732400    0.00000000    4.17549584    1.00782504
 H     1.0   -5.73096522    0.00000002   -3.00112309    1.00782504
 C     6.0   -1.74652492    0.00000000    0.07043456   12.00000000
 C     6.0   -0.39907508    0.00000000   -2.23477370   12.00000000
 C     6.0    2.22507869    0.00000000   -2.26247443   12.00000000
 C     6.0    3.59826452    0.00000000   -0.00228092   12.00000000
 C     6.0    2.29543775    0.00000000    2.30479182   12.00000000
 C     6.0   -0.33949792    0.00000000    2.37501865   12.00000000
 O     8.0   -4.21991811    0.00000000    0.09756835   15.99491464
 H     1.0   -1.47312101   -0.00000001   -3.96655153    1.00782504
 H     1.0    3.19923407    0.00000001   -4.05792570    1.00782504
 H     1.0    5.64260121    0.00000000   -0.05585898    1.00782504
 H     1.0    3.36096640   -0.00000001    4.05398302    1.00782504
 H     1.0   -1.30748775    0.00000001    4.17556740    1.00782504
 H     1.0   -5.73107556    0.00000002   -3.00108445    1.00782504
 C     6.0   -1.74666038    0.00000000    0.07037149   12.00000000
 C     6.0   -0.39922428    0.00000000   -2.23484480   12.00000000
 C     6.0    2.22492933    0.00000000   -2.26256115   12.00000000
 C     6.0    3.59812862    0.00000000   -0.00237583   12.00000000
 C     6.0    2.29531560    0.00000000    2.30470467   12.00000000
 C     6.0   -0.33961966    0.00000000    2.37494719   12.00000000
 O     8.0   -4.22005342    0.00000000    0.09752001   15.99491464
 H     1.0   -1.47328052   -0.00000001   -3.96661623    1.00782504
 H     1.0    3.19907402    0.00000001   -4.05801823    1.00782504
 H     1.0    5.64279282    0.00000000   -0.04150920    1.00782504
 H     1.0    3.37319653   -0.00000001    4.04631136    1.00782504
 H     1.0   -1.30759876    0.00000001    4.17550172    1.00782504
 H     1.0   -5.73122932    0.00000000   -3.00112379    1.00782504
 C     6.0   -1.74638484    0.00000000    0.07060570   12.00000000
 C     6.0   -0.39926038    0.00000000   -2.23479272   12.00000000
 C     6.0    2.22488945    0.00000000   -2.26286383   12.00000000
 C     6.0    3.59839428    0.00000000   -0.00286416   12.00000000
 C     6.0    2.29589315    0.00000000    2.30439244   12.00000000
 C     6.0   -0.33903258    0.00000000    2.37499117   12.00000000
 O     8.0   -4.21977418    0.00000000    0.09808859   15.99491464
 H     1.0   -1.47355073   -0.00000001   -3.96641895    1.00782504
 H     1.0    3.19879141    0.00000001   -4.05845258    1.00782504
 H     1.0    5.64305317    0.00000000   -0.04227394    1.00782504
 H     1.0    3.36166867   -0.00000001    4.05343324    1.00782504
 H     1.0   -1.31947674    0.00000001    4.16878865    1.00782504
 H     1.0   -5.73136897    0.00000000   -3.00035089    1.00782504
 C     6.0   -1.74684775    0.00000000    0.07090024   12.00000000
 C     6.0   -0.39999160    0.00000000   -2.23465493   12.00000000
 C     6.0    2.22415495    0.00000000   -2.26303143   12.00000000
 C     6.0    3.59792278    0.00000000   -0.00319163   12.00000000
 C     6.0    2.29569017    0.00000000    2.30421654   12.00000000
 C     6.0   -0.33922732    0.00000000    2.37512192   12.00000000
 O     8.0   -4.22023388    0.00000000    0.09867098   15.99491464
 H     1.0   -1.47448346    0.00000000   -3.96615612    1.00782504
 H     1.0    3.19784794    0.00000000   -4.05873351    1.00782504
 H     1.0    5.64257707    0.00000000   -0.04283936    1.00782504
 H     1.0    3.36166924    0.00000000    4.05313330    1.00782504
 H     1.0   -1.30675344    0.00000000    4.17591989    1.00782504
 H     1.0   -5.70113152    0.00000002   -3.01455695    1.00782504
 C     6.0   -1.74650881   -0.00006870    0.07042227   12.00000000
 C     6.0   -0.39924446   -0.00201944   -2.23489357   12.00000000
 C     6.0    2.22490477   -0.00550753   -2.26280384   12.00000000
 C     6.0    3.59817676    0.01052998   -0.00271958   12.00000000
 C     6.0    2.29562896   -0.00524249    2.30445677   12.00000000
 C     6.0   -0.33929880   -0.00176277    2.37489399   12.00000000
 O     8.0   -4.21989767    0.00320611    0.09775357   15.99491464
 H     1.0   -1.47342788   -0.00071329   -3.96658563    1.00782504
 H     1.0    3.19894400   -0.02082036   -4.05825283    1.00782504
 H     1.0    5.64269360    0.03483549   -0.04200340    1.00782504
 H     1.0    3.36132179   -0.02033319    4.05348285    1.00782504
 H     1.0   -1.30714384   -0.00036011    4.17552004    1.00782504
 H     1.0   -5.73130152    0.00498020   -3.00077854    1.00782504
 C     6.0   -1.74648825   -0.00413452    0.07042376   12.00000000
 C     6.0   -0.39925873   -0.01449989   -2.23488996   12.00000000
 C     6.0    2.22484428    0.00145319   -2.26280480   12.00000000
 C     6.0    3.59818591    0.01027758   -0.00272319   12.00000000
 C     6.0    2.29556876    0.00274640    2.30445562   12.00000000
 C     6.0   -0.33931135   -0.01345657    2.37489746   12.00000000
 O     8.0   -4.21981607    0.01355234    0.09775137   15.99491464
 H     1.0   -1.47338509   -0.03514762   -3.96649481    1.00782504
 H     1.0    3.19883757    0.00700155   -4.05833544    1.00782504
 H     1.0    5.64280897    0.02277377   -0.04201092    1.00782504
 H     1.0    3.36121757    0.00967433    4.05355991    1.00782504
 H     1.0   -1.30710056   -0.03302839    4.17544769    1.00782504
 H     1.0   -5.73118480    0.02336557   -3.00078285    1.00782504
 C     6.0   -1.74652088   -0.00005124    0.07042246   12.00000000
 C     6.0   -0.39925511    0.00329218   -2.23489096   12.00000000
 C     6.0    2.22488822   -0.00327397   -2.26280163   12.00000000
 C     6.0    3.59825460   -0.00018630   -0.00271994   12.00000000
 C     6.0    2.29561218    0.00342997    2.30445406   12.00000000
 C     6.0   -0.33930989   -0.00304521    2.37489226   12.00000000
 O     8.0   -4.21991188   -0.00040160    0.09775328   15.99491464
 H     1.0   -1.47342799    0.01108879   -3.96657250    1.00782504
 H     1.0    3.19888902   -0.01083119   -4.05832087    1.00782504
 H     1.0    5.64291587   -0.00059506   -0.04200393    1.00782504
 H     1.0    3.36126930    0.01138183    4.05354893    1.00782504
 H     1.0   -1.30714530   -0.01031278    4.17550936    1.00782504
 H     1.0   -5.73131672    0.00367221   -3.00077618    1.00782504
 C     6.0   -1.74652780    0.00955557    0.07042467   12.00000000
 C     6.0   -0.39926802    0.00618978   -2.23489221   12.00000000
 C     6.0    2.22487353   -0.00104833   -2.26280455   12.00000000
 C     6.0    3.59823543   -0.00518428   -0.00272181   12.00000000
 C     6.0    2.29559870   -0.00194193    2.30445595   12.00000000
 C     6.0   -0.33932129    0.00531943    2.37489526   12.00000000
 O     8.0   -4.21985399   -0.00835758    0.09775300   15.99491464
 H     1.0   -1.47344877    0.00941921   -3.96658341    1.00782504
 H     1.0    3.19888117   -0.00346194   -4.05833436    1.00782504
 H     1.0    5.64288893   -0.01082131   -0.04200789    1.00782504
 H     1.0    3.36126360   -0.00515052    4.05356121    1.00782504
 H     1.0   -1.30716300    0.00771523    4.17552205    1.00782504
 H     1.0   -5.73122102   -0.01854169   -3.00078084    1.00782504
 C     6.0   -1.74652478    0.00027667    0.07042163   12.00000000
 C     6.0   -0.39925924    0.00079311   -2.23489428   12.00000000
 C     6.0    2.22489230    0.00069540   -2.26280484   12.00000000
 C     6.0    3.59825882    0.00008170   -0.00272120   12.00000000
 C     6.0    2.29561651   -0.00043698    2.30445563   12.00000000
 C     6.0   -0.33931353   -0.00034936    2.37489314   12.00000000
 O     8.0   -4.21991579    0.00036850    0.09775319   15.99491464
 H     1.0   -1.47339404   -0.01911348   -3.96650258    1.00782504
 H     1.0    3.19890414    0.00110064   -4.05833394    1.00782504
 H     1.0    5.64292012    0.00000991   -0.04200588    1.00782504
 H     1.0    3.36128500   -0.00091204    4.05356158    1.00782504
 H     1.0   -1.30715941   -0.00075611    4.17551924    1.00782504
 H     1.0   -5.73132097    0.00119509   -3.00077867    1.00782504
 C     6.0   -1.74652372    0.00002837    0.07042161   12.00000000
 C     6.0   -0.39925825    0.00076014   -2.23489429   12.00000000
 C     6.0    2.22489329    0.00102718   -2.26280480   12.00000000
 C     6.0    3.59825985    0.00057649   -0.00272116   12.00000000
 C     6.0    2.29561760   -0.00015134    2.30445565   12.00000000
 C     6.0   -0.33931243   -0.00043048    2.37489313   12.00000000
 O     8.0   -4.21991473   -0.00022359    0.09775313   15.99491464
 H     1.0   -1.47344266    0.00110328   -3.96658619    1.00782504
 H     1.0    3.19885721   -0.01883702   -4.05825006    1.00782504
 H     1.0    5.64292114    0.00078911   -0.04200581    1.00782504
 H     1.0    3.36128612   -0.00049986    4.05356161    1.00782504
 H     1.0   -1.30715826   -0.00099368    4.17551920    1.00782504
 H     1.0   -5.73131997    0.00043109   -3.00077874    1.00782504
 C     6.0   -1.74652317   -0.00007941    0.07042239   12.00000000
 C     6.0   -0.39925751    0.00017026   -2.23489350   12.00000000
 C     6.0    2.22489400    0.00060811   -2.26280387   12.00000000
 C     6.0    3.59826037    0.00081257   -0.00272007   12.00000000
 C     6.0    2.29561793    0.00057032    2.30445674   12.00000000
 C     6.0   -0.33931208    0.00013021    2.37489407   12.00000000
 O     8.0   -4.21991415   -0.00049212    0.09775377   15.99491464
 H     1.0   -1.47344177    0.00000995   -3.96658553    1.00782504
 H     1.0    3.19890593    0.00079001   -4.05833296    1.00782504
 H     1.0    5.64282281   -0.01929614   -0.04200329    1.00782504
 H     1.0    3.36128630    0.00072902    4.05356282    1.00782504
 H     1.0   -1.30715805   -0.00005072    4.17552015    1.00782504
 H     1.0   -5.73131912   -0.00071047   -3.00077830    1.00782504
 C     6.0   -1.74652370    0.00006488    0.07042317   12.00000000
 C     6.0   -0.39925783   -0.00038386   -2.23489256   12.00000000
 C     6.0    2.22489371   -0.00014462   -2.26280276   12.00000000
 C     6.0    3.59825989    0.00054810   -0.00271894   12.00000000
 C     6.0    2.29561724    0.00100151    2.30445771   12.00000000
 C     6.0   -0.33931281    0.00077185    2.37489487   12.00000000
 O     8.0   -4.21991471   -0.00016036    0.09775440   15.99491464
 H     1.0   -1.47344195   -0.00091667   -3.96658460    1.00782504
 H     1.0    3.19890581   -0.00050122   -4.05833173    1.00782504
 H     1.0    5.64292118    0.00073014   -0.04200335    1.00782504
 H     1.0    3.36123473   -0.01894355    4.05348108    1.00782504
 H     1.0   -1.30715894    0.00113027    4.17552083    1.00782504
 H     1.0   -5.73131942   -0.00107519   -3.00077767    1.00782504
 C     6.0   -1.74652477   -0.00031387    0.07042314   12.00000000
 C     6.0   -0.39925891    0.00035252   -2.23489255   12.00000000
 C     6.0    2.22489264    0.00047884   -2.26280267   12.00000000
 C     6.0    3.59825884   -0.00005232   -0.00271883   12.00000000
 C     6.0    2.29561621   -0.00071718    2.30445779   12.00000000
 C     6.0   -0.33931385   -0.00085514    2.37489487   12.00000000
 O     8.0   -4.21991579   -0.00043319    0.09775430   15.99491464
 H     1.0   -1.47344305    0.00075849   -3.96658461    1.00782504
 H     1.0    3.19890473    0.00099446   -4.05833161    1.00782504
 H     1.0    5.64292014    0.00005070   -0.04200317    1.00782504
 H     1.0    3.36128445   -0.00112813    4.05356390    1.00782504
 H     1.0   -1.30711194    0.01907044    4.17543644    1.00782504
 H     1.0   -5.73132053    0.00031187   -3.00077780    1.00782504
 C     6.0   -1.74652421   -0.00054896    0.07042087   12.00000000
 C     6.0   -0.39925751   -0.00075771   -2.23489442   12.00000000
 C     6.0    2.22489401   -0.00028864   -2.26280368   12.00000000
 C     6.0    3.59825934    0.00040321   -0.00271936   12.00000000
 C     6.0    2.29561586    0.00062038    2.30445687   12.00000000
 C     6.0   -0.33931418    0.00015772    2.37489309   12.00000000
 O     8.0   -4.21991520   -0.00099088    0.09775122   15.99491464
 H     1.0   -1.47344098   -0.00129178   -3.96658686    1.00782504
 H     1.0    3.19890675   -0.00046483   -4.05833233    1.00782504
 H     1.0    5.64292063    0.00076525   -0.04200303    1.00782504
 H     1.0    3.36128343    0.00115631    4.05356336    1.00782504
 H     1.0   -1.30716096    0.00033605    4.17551873    1.00782504
 H     1.0   -5.73132188    0.02015431   -3.00070788    1.00782504
