 N     6.0   -1.71681042   -0.00000000   -0.00763190   12.00000000
 C     6.0   -0.37809848   -0.00000000   -2.36282881   12.00000000
 C     6.0    2.23799954    0.00000000   -2.33233821   12.00000000
 C     6.0    3.56465678    0.00000000    0.00593648   12.00000000
 C     6.0    2.23715688    0.00000000    2.33684343   12.00000000
 C     6.0   -0.38339383   -0.00000000    2.35210051   12.00000000
 O     8.0   -4.14910173   -0.00000000    0.11078467   15.99491464
 H     1.0   -1.43360911   -0.00000000   -4.10948632    1.00782504
 H     1.0    3.27740216    0.00000000   -4.08817705    1.00782504
 H     1.0    5.60660827    0.00000000    0.00360088    1.00782504
 H     1.0    3.27034648    0.00000000    4.09487562    1.00782504
 H     1.0   -1.47499572   -0.00000000    4.07358633    1.00782504
 H     1.0   -4.95826082    0.00000001   -1.58248677    1.00782504
 N     6.0   -1.72098620    0.00000000   -0.00526323   12.00000000
 C     6.0   -0.38901841    0.00000000   -2.36323138   12.00000000
 C     6.0    2.24934316   -0.00000000   -2.33807152   12.00000000
 C     6.0    3.57737244   -0.00000000    0.00516247   12.00000000
 C     6.0    2.24839831   -0.00000000    2.34195486   12.00000000
 C     6.0   -0.39452808    0.00000000    2.35439972   12.00000000
 O     8.0   -4.17668341    0.00000000    0.10883740   15.99491464
 H     1.0   -1.44173520    0.00000000   -4.11198431    1.00782504
 H     1.0    3.28650927   -0.00000000   -4.09476781    1.00782504
 H     1.0    5.61928357   -0.00000000    0.00278152    1.00782504
 H     1.0    3.28046325   -0.00000000    4.10047230    1.00782504
 H     1.0   -1.48285651    0.00000000    4.07762869    1.00782504
 H     1.0   -4.95440899    0.00000001   -1.58728231    1.00782504
 N     6.0   -1.72514395    0.00000000   -0.00289544   12.00000000
 C     6.0   -0.39991201    0.00000000   -2.36360798   12.00000000
 C     6.0    2.26070169    0.00000000   -2.34381242   12.00000000
 C     6.0    3.59009418   -0.00000000    0.00438523   12.00000000
 C     6.0    2.25964797   -0.00000000    2.34706315   12.00000000
 C     6.0   -0.40565092    0.00000000    2.35668635   12.00000000
 O     8.0   -4.20424037    0.00000000    0.10677184   15.99491464
 H     1.0   -1.44980588    0.00000000   -4.11446686    1.00782504
 H     1.0    3.29565240   -0.00000000   -4.10135054    1.00782504
 H     1.0    5.63196497   -0.00000000    0.00196282    1.00782504
 H     1.0    3.29059969   -0.00000000    4.10605831    1.00782504
 H     1.0   -1.49069507    0.00000000    4.08165737    1.00782504
 H     1.0   -4.95063698    0.00000001   -1.59163177    1.00782504
 N     6.0   -1.72928301    0.00000000   -0.00052909   12.00000000
 C     6.0   -0.41077836    0.00000000   -2.36395924   12.00000000
 C     6.0    2.27207618    0.00000000   -2.34956098   12.00000000
 C     6.0    3.60282280   -0.00000000    0.00360476   12.00000000
 C     6.0    2.27090645   -0.00000000    2.35216818   12.00000000
 C     6.0   -0.41676180    0.00000000    2.35895984   12.00000000
 O     8.0   -4.23177158    0.00000000    0.10458687   15.99491464
 H     1.0   -1.45782046    0.00000000   -4.11693430    1.00782504
 H     1.0    3.30483242   -0.00000000   -4.10792555    1.00782504
 H     1.0    5.64465324   -0.00000000    0.00114501    1.00782504
 H     1.0    3.30075581   -0.00000000    4.11163386    1.00782504
 H     1.0   -1.49851131    0.00000000    4.08567141    1.00782504
 H     1.0   -4.94695370    0.00000001   -1.59554017    1.00782504
