IRREDUCIBLE REPRESENTATIONS OF AMMONIA
3
Totally Symmetric Irrep A
1   6
  1.0000000000
  1.0000000000
  1.0000000000
  1.0000000000
  1.0000000000
  1.0000000000
Anti Symmetric Irrep B
1    6
  1.0000000000
 -1.0000000000
 -1.0000000000
  1.0000000000
  1.0000000000
 -1.0000000000
Two dimensional irreducible E
2    6
  1.0000000000  0.0000000000
  0.0000000000  1.0000000000
  1.0000000000  0.0000000000
  1.0000000000 -1.0000000000
 -1.0000000000  1.0000000000
  0.0000000000  1.0000000000
  0.0000000000 -1.0000000000
  1.0000000000 -1.0000000000
 -1.0000000000  1.0000000000
 -1.0000000000  0.0000000000
  0.0000000000 -1.0000000000
 -1.0000000000  0.0000000000
