phenol dzp sl-CAS CIS. H stretching path from s0 saddle

transitions

**** ROOTS ****
     1       -305.59567160
     2       -305.53653763
     3       -305.47626913
**** TRANSITION ****
     1     1     1     2
     -305.59567160       -305.53653763         -0.05913397
**** TRANSITION ****
     1     1     1     3
     -305.59567160       -305.47626913         -0.11940247
**** TRANSITION ****
     1     2     1     3
     -305.53653763       -305.47626913         -0.06026850
**** ROOTS ****
     1       -305.59039097
     2       -305.54212530
     3       -305.47826748
**** TRANSITION ****
     1     1     1     2
     -305.59039097       -305.54212530         -0.04826567
**** TRANSITION ****
     1     1     1     3
     -305.59039097       -305.47826748         -0.11212350
**** TRANSITION ****
     1     2     1     3
     -305.54212530       -305.47826748         -0.06385783
**** ROOTS ****
     1       -305.58743509
     2       -305.54578333
     3       -305.47959661
**** TRANSITION ****
     1     1     1     2
     -305.58743509       -305.54578333         -0.04165176
**** TRANSITION ****
     1     1     1     3
     -305.58743509       -305.47959661         -0.10783847
**** TRANSITION ****
     1     2     1     3
     -305.54578333       -305.47959661         -0.06618671
**** ROOTS ****
     1       -305.58580429
     2       -305.54813057
     3       -305.48042118
**** TRANSITION ****
     1     1     1     2
     -305.58580429       -305.54813057         -0.03767372
**** TRANSITION ****
     1     1     1     3
     -305.58580429       -305.48042118         -0.10538311
**** TRANSITION ****
     1     2     1     3
     -305.54813057       -305.48042118         -0.06770939
**** ROOTS ****
     1       -305.58489369
     2       -305.54959090
     3       -305.48088385
**** TRANSITION ****
     1     1     1     2
     -305.58489369       -305.54959090         -0.03530279
**** TRANSITION ****
     1     1     1     3
     -305.58489369       -305.48088385         -0.10400983
**** TRANSITION ****
     1     2     1     3
     -305.54959090       -305.48088385         -0.06870705

dispfl

33   /number of internal coordinates
no  /calculate dip.mom.derivatives
no  /calculate reference point
13   1.8
13   2.1
13   2.4
13   2.7
13   3

intcfl

TEXAS                                                                           
K                   STRE   1    2.        1.
K                   STRE   2    3.        2.
K                   STRE   3    4.        3.
K                   STRE   4    5.        4.
K                   STRE   5    6.        1.
K                   STRE   6    6.        5.
K                   STRE   7    7.        1.
K                   STRE   8    8.        2.
K                   STRE   9    9.        3.
K                   STRE  10   10.        4.
K                   STRE  11   11.        5.
K                   STRE  12   12.        6.
K                   STRE  13   13.        7.
K          1.0000000BEND  14     6.        2.        1.
K          1.0000000BEND  15     5.        3.        4.
K          0.8660254BEND  16     1.        3.        2.
          -0.8660254BEND         2.        4.        3.
           0.8660254BEND         4.        6.        5.
          -0.8660254BEND         5.        1.        6.
K            1.     BEND  17     6.        7.        1.
            -1.     BEND         2.        7.        1.
K            1.     BEND  18     1.        8.        2.
            -1.     BEND         3.        8.        2.
K            1.     BEND  19     2.        9.        3.
            -1.     BEND         4.        9.        3.
K            1.     BEND  20     3.       10.        4.
            -1.     BEND         5.       10.        4.
K            1.     BEND  21     4.       11.        5.
            -1.     BEND         6.       11.        5.
K            1.     BEND  22     1.       12.        6.
            -1.     BEND         5.       12.        6.
K            1.     BEND  23     1.       13.        7.
K            1.     OUT   24     2.        5.        3.        4.
             1.     OUT          6.        4.        5.        3.
K            1.     OUT   25     3.        1.        2.        6.
             1.     OUT          5.        2.        6.        1.
K            1.     TORS  26     1.        2.        3.        4.
             1.     TORS         1.        6.        5.        4.
            -0.5    TORS         6.        1.        2.        3.
            -0.5    TORS         2.        1.        6.        5.
            -0.5    TORS         5.        4.        3.        2.
            -0.5    TORS         3.        4.        5.        6.
K            1.     OUT   27     7.        6.        2.        1.
K            1.     OUT   28     8.        1.        3.        2.
K            1.     OUT   29     9.        2.        4.        3.
K            1.     OUT   30    10.        3.        5.        4.
K            1.     OUT   31    11.        4.        6.        5.
K            1.     OUT   32    12.        1.        5.        6.
K          1.000000 TORS  33    13.        7.        1.        2.
           1.000000 TORS        13.        7.        1.        6.
  0.78E+01  0.71E+01  0.74E+01  0.80E+01  0.77E+01  0.75E+01  0.83E+01  0.55E+01
  0.55E+01  0.55E+01  0.55E+01  0.55E+01  0.83E+01  0.14E+01  0.14E+01  0.15E+01
  0.10E+01  0.10E+01  0.10E+01  0.10E+01  0.10E+01  0.10E+01  0.10E+01  0.10E+01
  0.10E+01  0.10E+01  0.10E+01  0.10E+01  0.10E+01  0.10E+01  0.10E+01  0.10E+01
  0.10E+01
