 N     6.0   -1.75299824   -0.00000029    0.09102147   12.00000000
 C     6.0   -0.40343252   -0.00000023   -2.23228110   12.00000000
 C     6.0    2.21697346   -0.00000001   -2.26686629   12.00000000
 C     6.0    3.59711155    0.00000017   -0.00477418   12.00000000
 C     6.0    2.30561114    0.00000013    2.31353446   12.00000000
 C     6.0   -0.32304228   -0.00000010    2.39405267   12.00000000
 O     8.0   -4.19743875   -0.00000050    0.12967290   15.99491464
 H     1.0   -1.48670503   -0.00000037   -3.95957086    1.00782504
 H     1.0    3.19307477    0.00000003   -4.06168965    1.00782504
 H     1.0    5.64126275    0.00000035   -0.05042317    1.00782504
 H     1.0    3.37955875    0.00000027    4.05673117    1.00782504
 H     1.0   -1.29688656   -0.00000013    4.19118500    1.00782504
 H     1.0   -5.92482265    0.00000852   -3.33822204    1.00782504
 N     6.0   -1.75959849   -0.00000031    0.11141059   12.00000000
 C     6.0   -0.40777920   -0.00000023   -2.22989122   12.00000000
 C     6.0    2.20886375    0.00000001   -2.27114504   12.00000000
 C     6.0    3.59576462    0.00000018   -0.00704319   12.00000000
 C     6.0    2.31546768    0.00000012    2.32234161   12.00000000
 C     6.0   -0.30687931   -0.00000012    2.41281417   12.00000000
 O     8.0   -4.17504230   -0.00000053    0.16106860   15.99491464
 H     1.0   -1.50011098   -0.00000037   -3.95273281    1.00782504
 H     1.0    3.18705919    0.00000007   -4.06525842    1.00782504
 H     1.0    5.63938248    0.00000037   -0.05903478    1.00782504
 H     1.0    3.39762643    0.00000025    4.05960689    1.00782504
 H     1.0   -1.28675422   -0.00000016    4.20641569    1.00782504
 H     1.0   -6.12457523    0.00000948   -3.67281301    1.00782504
 N     6.0   -1.76626142   -0.00000033    0.13159953   12.00000000
 C     6.0   -0.41223122   -0.00000022   -2.22770480   12.00000000
 C     6.0    2.20063172    0.00000003   -2.27561076   12.00000000
 C     6.0    3.59427837    0.00000019   -0.00949857   12.00000000
 C     6.0    2.32523992    0.00000011    2.33089395   12.00000000
 C     6.0   -0.29076624   -0.00000014    2.43119060   12.00000000
 O     8.0   -4.15266086   -0.00000055    0.19194678   15.99491464
 H     1.0   -1.51359007   -0.00000036   -3.94606026    1.00782504
 H     1.0    3.18093129    0.00000011   -4.06900605    1.00782504
 H     1.0    5.63734396    0.00000039   -0.06780419    1.00782504
 H     1.0    3.41553914    0.00000023    4.06221334    1.00782504
 H     1.0   -1.27670344   -0.00000020    4.22121660    1.00782504
 H     1.0   -6.33044280    0.00001044   -4.00448860    1.00782504
 N     6.0   -1.77294472   -0.00000034    0.15158928   12.00000000
 C     6.0   -0.41673555   -0.00000021   -2.22571480   12.00000000
 C     6.0    2.19233065    0.00000005   -2.28024572   12.00000000
 C     6.0    3.59269626    0.00000019   -0.01211634   12.00000000
 C     6.0    2.33496057    0.00000009    2.33920988   12.00000000
 C     6.0   -0.27467201   -0.00000017    2.44918949   12.00000000
 O     8.0   -4.13025490   -0.00000058    0.22230003   15.99491464
 H     1.0   -1.52708210   -0.00000032   -3.93955101    1.00782504
 H     1.0    3.17475181    0.00000015   -4.07291067    1.00782504
 H     1.0    5.63519116    0.00000039   -0.07669861    1.00782504
 H     1.0    3.43332241    0.00000021    4.06457434    1.00782504
 H     1.0   -1.26671045   -0.00000024    4.23559064    1.00782504
 H     1.0   -6.54230502    0.00001140   -4.33320173    1.00782504
