 N     6.0   -1.71229227    0.00796068   -0.00811720   12.00000000
 C     6.0   -0.36848251   -0.01994631   -2.36191301   12.00000000
 C     6.0    2.22246135    0.01270263   -2.32693879   12.00000000
 C     6.0    3.54895257   -0.00461092    0.00594199   12.00000000
 C     6.0    2.22524698   -0.01945247    2.33148719   12.00000000
 C     6.0   -0.37023700    0.02221144    2.35141025   12.00000000
 O     8.0   -4.11656314    0.02408068    0.11617060   15.99491464
 H     1.0   -1.42950980    0.04747415   -4.11197232    1.00782504
 H     1.0    3.28245321    0.05528845   -4.07529210    1.00782504
 H     1.0    5.59097972   -0.00383874    0.00175254    1.00782504
 H     1.0    3.26017220   -0.02139932    4.08865629    1.00782504
 H     1.0   -1.46357295    0.00622217    4.07274182    1.00782504
 H     1.0   -4.95969162   -0.09099620   -1.60121335    1.00782504
 N     6.0   -1.71306341    0.01599761   -0.00675736   12.00000000
 C     6.0   -0.37094200   -0.03988301   -2.36177102   12.00000000
 C     6.0    2.22071227    0.02542413   -2.32801120   12.00000000
 C     6.0    3.54867101   -0.00927505    0.00513634   12.00000000
 C     6.0    2.22621252   -0.03896053    2.33160546   12.00000000
 C     6.0   -0.36995926    0.04450190    2.35251495   12.00000000
 O     8.0   -4.11718736    0.04830168    0.11880944   15.99491464
 H     1.0   -1.43399117    0.09540091   -4.11527174    1.00782504
 H     1.0    3.29828403    0.11088654   -4.06895147    1.00782504
 H     1.0    5.59072970   -0.00776895   -0.00061522    1.00782504
 H     1.0    3.26133494   -0.04287269    4.08867453    1.00782504
 H     1.0   -1.46247762    0.01255500    4.07484108    1.00782504
 H     1.0   -4.96200031   -0.18550406   -1.61642844    1.00782504
 N     6.0   -1.71353696    0.02403645   -0.00593366   12.00000000
 C     6.0   -0.37299701   -0.05987247   -2.36176862   12.00000000
 C     6.0    2.21895179    0.03818237   -2.32914751   12.00000000
 C     6.0    3.54810384   -0.01395015    0.00429195   12.00000000
 C     6.0    2.22662161   -0.05851648    2.33143486   12.00000000
 C     6.0   -0.36956290    0.06684254    2.35309804   12.00000000
 O     8.0   -4.11742658    0.07253726    0.12048482   15.99491464
 H     1.0   -1.43703972    0.14360802   -4.11669443    1.00782504
 H     1.0    3.31352627    0.16680489   -4.06175774    1.00782504
 H     1.0    5.59019349   -0.01170335   -0.00277264    1.00782504
 H     1.0    3.26184066   -0.06439757    4.08846093    1.00782504
 H     1.0   -1.46163774    0.01896517    4.07603387    1.00782504
 H     1.0   -4.96444718   -0.28308175   -1.62391461    1.00782504
 N     6.0   -1.71370959    0.03200807   -0.00566563   12.00000000
 C     6.0   -0.37463284   -0.07997204   -2.36191809   12.00000000
 C     6.0    2.21718745    0.05099626   -2.33035046   12.00000000
 C     6.0    3.54725048   -0.01859722    0.00341070   12.00000000
 C     6.0    2.22646527   -0.07811584    2.33097145   12.00000000
 C     6.0   -0.36905452    0.08920556    2.35314398   12.00000000
 O     8.0   -4.11727952    0.09667056    0.12116658   15.99491464
 H     1.0   -1.43862510    0.19193049   -4.11624669    1.00782504
 H     1.0    3.32818118    0.22305662   -4.05370077    1.00782504
 H     1.0    5.58937093   -0.01556115   -0.00470956    1.00782504
 H     1.0    3.26167344   -0.08595800    4.08801571    1.00782504
 H     1.0   -1.46106613    0.02542083    4.07630206    1.00782504
 H     1.0   -4.96702811   -0.38323986   -1.62335916    1.00782504
 N     6.0   -1.71357677    0.03984986   -0.00597193   12.00000000
 C     6.0   -0.37583196   -0.10023316   -2.36223033   12.00000000
 C     6.0    2.21542593    0.06388572   -2.33162195   12.00000000
 C     6.0    3.54611063   -0.02318115    0.00249492   12.00000000
 C     6.0    2.22573587   -0.09775776    2.33021131   12.00000000
 C     6.0   -0.36844046    0.11156496    2.35263774   12.00000000
 O     8.0   -4.11674454    0.12059595    0.12082521   15.99491464
 H     1.0   -1.43872178    0.24021212   -4.11393600    1.00782504
 H     1.0    3.34224529    0.27965674   -4.04477029    1.00782504
 H     1.0    5.58826205   -0.01926941   -0.00641526    1.00782504
 H     1.0    3.26081889   -0.10754557    4.08733894    1.00782504
 H     1.0   -1.46077433    0.03189240    4.07562797    1.00782504
 H     1.0   -4.96972364   -0.48544118   -1.61449210    1.00782504
 N     6.0   -1.71313260    0.04750658   -0.00686900   12.00000000
 C     6.0   -0.37657485   -0.12070103   -2.36271380   12.00000000
 C     6.0    2.21367233    0.07687142   -2.33296283   12.00000000
 C     6.0    3.54468414   -0.02767118    0.00154717   12.00000000
 C     6.0    2.22442762   -0.11744503    2.32915064   12.00000000
 C     6.0   -0.36772569    0.13389717    2.35156574   12.00000000
 O     8.0   -4.11581936    0.14422036    0.11943393   15.99491464
 H     1.0   -1.43730992    0.28830640   -4.10976945    1.00782504
 H     1.0    3.35570965    0.33662117   -4.03495592    1.00782504
 H     1.0    5.58686685   -0.02276406   -0.00787934    1.00782504
 H     1.0    3.25926512   -0.12915938    4.08643050    1.00782504
 H     1.0   -1.46077123    0.03835377    4.07399564    1.00782504
 H     1.0   -4.97250049   -0.58910246   -1.59708708    1.00782504
